000070,2010-01-04,49948,50172,49388,50172,11956
000070,2010-01-05,49724,50451,49164,49892,30507
000070,2010-01-06,49892,50004,49500,49500,12424
000070,2010-01-07,49444,49444,48716,48716,22836
000070,2010-01-08,49052,49164,48380,48604,23377
000070,2010-01-11,48604,48996,48436,48716,6747
000070,2010-01-12,48660,49108,48380,48604,15688
000070,2010-01-13,48548,48604,47372,47988,17069
000070,2010-01-14,47036,47820,47036,47596,16739
000070,2010-01-15,47540,47708,47036,47652,11158
000070,2010-01-18,47092,47092,46476,46644,18238
000070,2010-01-19,46644,46924,46084,46924,83356
000070,2010-01-20,47036,47428,46140,46140,17321
000070,2010-01-21,46028,46084,45580,45692,13016
000070,2010-01-22,46028,46028,44516,44964,23358
000070,2010-01-25,44516,44740,42836,44012,47516
000070,2010-01-26,44012,44068,42948,43452,44010
000070,2010-01-27,43564,43676,42724,43620,24515
000070,2010-01-28,43508,44796,43004,44740,33592
000070,2010-01-29,44292,44460,43508,44460,17790
000070,2010-02-01,43732,44964,43732,44516,12407
000070,2010-02-02,44628,45244,44348,44348,17549
000070,2010-02-03,44740,44796,44012,44012,13396
000070,2010-02-04,44180,44460,43340,43340,13502
000070,2010-02-05,42556,43228,41884,43004,18686
000070,2010-02-08,42556,43676,42108,42108,11829
000070,2010-02-09,42388,42500,41436,41604,17331
000070,2010-02-10,41884,41940,40540,40540,32290
000070,2010-02-11,40708,42220,40708,42220,23780
000070,2010-02-12,42220,43900,41716,43228,27319
000070,2010-02-16,43284,43788,42780,43452,14370
000070,2010-02-17,43620,44012,43172,43396,14651
000070,2010-02-18,43676,43676,43060,43060,11344
000070,2010-02-19,43060,43116,41828,42220,11603
000070,2010-02-22,42556,43788,42444,43340,14158
000070,2010-02-23,43172,43676,43172,43676,8519
000070,2010-02-24,43676,44404,43172,44180,9850
000070,2010-02-25,44236,44460,43060,43116,12007
000070,2010-02-26,43060,43452,42724,43452,10608
000070,2010-03-02,43452,44180,43004,43900,9822
000070,2010-03-03,43452,43900,43452,43732,2196
000070,2010-03-04,43620,44124,43116,43396,7248
000070,2010-03-05,43396,44236,43396,44180,9290
000070,2010-03-08,44012,44572,44012,44516,8594
000070,2010-03-09,44516,45188,44236,45188,7715
000070,2010-03-10,45188,45804,44852,45468,15316
000070,2010-03-11,45580,46476,45468,46364,24908
000070,2010-03-12,46476,46924,45972,46924,26593
000070,2010-03-15,47036,47092,46084,46364,15124
000070,2010-03-16,46476,47148,46084,46924,15105
000070,2010-03-17,47036,48100,47036,47764,19839
000070,2010-03-18,47260,47876,47260,47372,6839
000070,2010-03-19,47372,47372,46756,47036,11136
000070,2010-03-22,47036,47316,46308,46700,10597
000070,2010-03-23,46700,47316,46700,47316,14371
000070,2010-03-24,47372,47596,47092,47428,11842
000070,2010-03-25,47596,47596,46364,46364,14513
000070,2010-03-26,46476,46476,45860,45860,15921
000070,2010-03-29,45468,45692,45076,45132,14576
000070,2010-03-30,45188,45412,44796,45412,14014
000070,2010-03-31,45580,45580,45076,45412,8162
000070,2010-04-01,45244,45916,45244,45916,21546
000070,2010-04-02,45972,45972,45412,45468,11903
000070,2010-04-05,45580,45692,45132,45468,6219
000070,2010-04-06,45132,45636,44964,45356,6027
000070,2010-04-07,45692,47372,45356,46980,24473
000070,2010-04-08,46924,48380,46476,47652,52559
000070,2010-04-09,47428,47708,46924,47148,17162
000070,2010-04-12,47204,48156,47204,47876,18096
000070,2010-04-13,48044,48604,47652,48604,17739
000070,2010-04-14,48604,49052,48324,48940,20626
000070,2010-04-15,48548,48716,47820,48548,14061
000070,2010-04-16,48324,48324,46980,46980,12399
000070,2010-04-19,46364,47428,46028,47148,13872
000070,2010-04-20,46812,47652,46588,47540,13538
000070,2010-04-21,47484,47764,47036,47036,10564
000070,2010-04-22,46756,47036,46252,46476,9700
000070,2010-04-23,46700,46700,45916,46252,5756
000070,2010-04-26,46252,47036,46084,47036,7174
000070,2010-04-27,46980,47596,46308,47148,14244
000070,2010-04-28,46588,46812,45972,46196,19219
000070,2010-04-29,45972,46196,45020,45132,31602
000070,2010-04-30,45132,45748,44852,45692,20692
000070,2010-05-03,46028,46588,45916,46196,15127
000070,2010-05-04,46588,53083,46532,49276,215984
000070,2010-05-06,48268,52075,47708,50172,69991
000070,2010-05-07,48828,49220,47540,47596,58342
000070,2010-05-10,48044,48380,46980,47764,31758
000070,2010-05-11,47764,49612,46756,48828,66548
000070,2010-05-12,49388,54707,49276,53755,114897
000070,2010-05-13,53867,55995,53307,54875,73520
000070,2010-05-14,55323,58011,54147,56219,92802
000070,2010-05-17,55883,57115,53979,55323,57964
000070,2010-05-18,55771,57787,54315,55715,54524
000070,2010-05-19,55771,55771,52691,53419,52369
000070,2010-05-20,51627,54763,51627,52523,30327
000070,2010-05-24,51627,53419,51627,52131,21493
000070,2010-05-25,52019,52579,48212,49612,64574
000070,2010-05-26,49220,50731,49052,50284,24973
000070,2010-05-27,50507,50731,49164,50172,27400
000070,2010-05-28,50619,52915,50395,52635,48118
000070,2010-05-31,52803,53811,52635,53083,52090
000070,2010-06-01,53083,55491,52691,55211,35449
000070,2010-06-03,55211,57899,55043,57227,68811
000070,2010-06-04,57451,57451,55771,56107,25932
000070,2010-06-07,55379,55379,54203,54875,21932
000070,2010-06-08,55155,56779,54427,56555,33400
000070,2010-06-09,56555,56555,54483,54707,29426
000070,2010-06-10,55323,55323,53643,53923,40797
000070,2010-06-11,54427,55547,54035,55211,22547
000070,2010-06-14,55659,56555,54875,55379,29902
000070,2010-06-15,55379,55379,54371,54427,15818
000070,2010-06-16,54539,55043,53923,53923,19497
000070,2010-06-17,54035,57675,54035,57003,54455
000070,2010-06-18,57115,58347,56555,56667,28508
000070,2010-06-21,57115,57899,54987,56667,36923
000070,2010-06-22,57003,58683,56107,58235,57339
000070,2010-06-23,58347,59467,56219,57003,47326
000070,2010-06-24,57563,58571,56219,58235,37426
000070,2010-06-25,57451,58123,57003,57003,20020
000070,2010-06-28,57899,59019,56891,58795,32667
000070,2010-06-29,59019,62154,58347,59355,71282
000070,2010-06-30,58235,64618,58123,63498,74245
000070,2010-07-01,63386,64394,61483,64170,58573
000070,2010-07-02,63498,64618,61147,61371,40055
000070,2010-07-05,61483,61594,59579,60027,18584
000070,2010-07-06,60027,62490,58347,61259,46421
000070,2010-07-07,61594,62042,60699,60923,23545
000070,2010-07-08,61147,63050,60923,62714,32016
000070,2010-07-09,62714,66858,62378,66074,77189
000070,2010-07-12,65962,69098,65402,67306,50424
000070,2010-07-13,67306,68314,66186,67754,49070
000070,2010-07-14,67754,68762,66522,66858,44728
000070,2010-07-15,66186,67194,65290,66970,20700
000070,2010-07-16,67194,67194,65626,66634,23971
000070,2010-07-19,66074,66746,65738,65850,18596
000070,2010-07-20,65962,68202,65290,66186,32864
000070,2010-07-21,67082,67530,64394,65402,29916
000070,2010-07-22,64730,65290,63834,64618,24118
000070,2010-07-23,64954,67642,64842,66634,36996
000070,2010-07-26,66746,68202,65850,65850,26182
000070,2010-07-27,65850,68314,65178,67866,33216
000070,2010-07-28,68202,68538,66522,67418,19005
000070,2010-07-29,67418,67642,66186,66746,18843
000070,2010-07-30,66634,66634,64730,65514,16727
000070,2010-08-02,65626,66858,63274,63386,35981
000070,2010-08-03,63834,64282,62714,63834,24242
000070,2010-08-04,63834,65962,62042,65514,43202
000070,2010-08-05,65626,65850,64058,64058,19363
000070,2010-08-06,63050,64730,62714,64506,24345
000070,2010-08-09,64394,64394,63610,64058,9274
000070,2010-08-10,64170,64394,61818,61818,25948
000070,2010-08-11,61818,62490,61035,61259,20465
000070,2010-08-12,60363,61930,59579,59579,22820
000070,2010-08-13,60139,62826,59467,61706,19164
000070,2010-08-16,61706,61706,60139,60811,10769
000070,2010-08-17,61594,63386,60251,62714,22771
000070,2010-08-18,62938,64394,61818,64394,23436
000070,2010-08-19,64730,64730,63274,64170,30667
000070,2010-08-20,63834,64394,62042,64394,23008
000070,2010-08-23,63274,64506,63050,64170,17651
000070,2010-08-24,63274,65402,62714,63498,15644
000070,2010-08-25,63386,63834,62378,62490,16016
000070,2010-08-26,62714,63386,60251,61483,12527
000070,2010-08-27,62266,62266,59243,60139,32479
000070,2010-08-30,60587,61706,59915,61259,12598
000070,2010-08-31,61147,61706,60587,61035,16889
000070,2010-09-01,61594,63946,61594,63386,20768
000070,2010-09-02,64394,64394,63162,63834,14929
000070,2010-09-03,63946,64058,61035,61035,50295
000070,2010-09-06,60587,62266,60139,62154,15727
000070,2010-09-07,61706,64618,61706,64058,30705
000070,2010-09-08,64506,65066,63162,63610,31044
000070,2010-09-09,63274,63722,62154,62602,20798
000070,2010-09-10,62714,64170,61930,63722,15909
000070,2010-09-13,63722,64282,61371,63274,42891
000070,2010-09-14,63274,66074,62826,65290,79594
000070,2010-09-15,65514,66634,64506,65066,30894
000070,2010-09-16,65626,65626,64282,64506,19609
000070,2010-09-17,64842,65290,64058,64282,44614
000070,2010-09-20,64282,64394,62938,63386,19636
000070,2010-09-24,63386,64730,63162,64618,21491
000070,2010-09-27,64730,66634,64730,65402,41980
000070,2010-09-28,66298,67194,65290,66970,30012
000070,2010-09-29,66746,67306,65738,66634,25183
000070,2010-09-30,67194,71562,66970,71002,76603
000070,2010-10-01,70554,72458,70106,70890,29630
000070,2010-10-04,72234,72570,70330,70442,30169
000070,2010-10-05,70554,71002,68986,69434,23986
000070,2010-10-06,69882,70330,68762,69098,24121
000070,2010-10-07,69322,71450,68986,69882,28121
000070,2010-10-08,69658,70778,68986,68986,24559
000070,2010-10-11,70106,71114,69210,69434,40213
000070,2010-10-12,70330,70330,67306,69434,29769
000070,2010-10-13,69994,72122,69658,70666,30956
000070,2010-10-14,70890,71562,69882,70218,27640
000070,2010-10-15,70218,70442,68650,69098,22144
000070,2010-10-18,69546,69658,68538,68874,14840
000070,2010-10-19,68874,70554,68874,69882,27259
000070,2010-10-20,69882,70554,68650,68650,19569
000070,2010-10-21,68650,74361,67194,74361,80234
000070,2010-10-22,74249,76041,73353,75145,71939
000070,2010-10-25,74697,75033,72570,72905,36699
000070,2010-10-26,72905,77273,72234,75929,51684
000070,2010-10-27,75593,76377,73689,74361,30124
000070,2010-10-28,73689,75593,73353,74697,28204
000070,2010-10-29,73913,74809,70554,71786,42179
000070,2010-11-01,71786,75257,71002,72794,39203
000070,2010-11-02,72794,73689,71562,72234,51494
000070,2010-11-03,73577,82985,73241,82985,235700
000070,2010-11-04,83209,83209,79849,82649,111877
000070,2010-11-05,82873,83097,80185,81529,55162
000070,2010-11-08,81753,84776,79737,79737,54556
000070,2010-11-09,80073,84776,79737,82873,104860
000070,2010-11-10,83209,87240,82313,83545,97660
000070,2010-11-11,83545,83545,79513,79513,82683
000070,2010-11-12,80521,80969,75145,75593,65136
000070,2010-11-15,76377,76713,71674,73689,50785
000070,2010-11-16,73465,78617,72794,76489,67783
000070,2010-11-17,75593,79401,75593,78617,43533
000070,2010-11-18,78393,81977,77833,81417,53975
000070,2010-11-19,81529,81641,80073,80633,18619
000070,2010-11-22,80745,82649,80521,80521,25688
000070,2010-11-23,79737,80857,76601,78057,51211
000070,2010-11-24,75033,77161,74473,75145,51916
000070,2010-11-25,75593,76377,75033,75257,27581
000070,2010-11-26,75257,75929,73353,74137,28982
000070,2010-11-29,73465,77161,73465,75705,25429
000070,2010-11-30,76489,76489,75033,76489,23872
000070,2010-12-01,76377,76489,75033,76377,32301
000070,2010-12-02,76825,77945,75593,77609,30900
000070,2010-12-03,77609,77945,75929,75929,18736
000070,2010-12-06,76153,76601,74137,74137,19869
000070,2010-12-07,74025,76489,73913,76153,26342
000070,2010-12-08,75481,76713,75257,75817,20316
000070,2010-12-09,76041,81305,75705,80969,81688
000070,2010-12-10,80969,84440,80969,81081,92101
000070,2010-12-13,80633,80745,78281,79177,46572
000070,2010-12-14,79737,80521,77609,79737,38038
000070,2010-12-15,79849,81193,78393,81193,38739
000070,2010-12-16,81193,82537,80185,81193,32878
000070,2010-12-17,81529,81529,79177,80297,23014
000070,2010-12-20,79177,79513,77497,78169,24592
000070,2010-12-21,78953,81529,78505,79737,40577
000070,2010-12-22,78617,81193,78617,79513,20100
000070,2010-12-23,80073,80633,77833,78505,29380
000070,2010-12-24,78729,79961,77833,78169,34579
000070,2010-12-27,78281,78393,75817,76153,43456
000070,2010-12-28,76489,78729,76489,76713,40591
000070,2010-12-29,76825,77497,75481,76153,32226
000070,2010-12-30,76713,78393,76041,78169,26838
000070,2011-01-03,78729,79401,78057,79177,21392
000070,2011-01-04,79065,80297,78617,80297,23435
000070,2011-01-05,80297,80633,79065,80185,22229
000070,2011-01-06,80185,84552,79961,84104,66313
000070,2011-01-07,84216,84440,81193,81977,74329
000070,2011-01-10,81193,81305,79849,80633,28158
000070,2011-01-11,80633,83545,80633,83545,36888
000070,2011-01-12,83657,86232,82873,85000,42723
000070,2011-01-13,84104,85000,83097,83097,24523
000070,2011-01-14,82761,83881,81193,83657,15304
000070,2011-01-17,82089,83209,80633,81193,23193
000070,2011-01-18,81193,81753,79177,80633,35134
000070,2011-01-19,80745,80857,79737,80073,15954
000070,2011-01-20,79289,80521,78505,79289,28990
000070,2011-01-21,80073,80073,77273,77273,21533
000070,2011-01-24,75033,78169,75033,76601,24213
000070,2011-01-25,76937,78393,76601,76601,30384
000070,2011-01-26,76713,77609,75705,76601,34460
000070,2011-01-27,76937,78841,76377,78281,32824
000070,2011-01-28,77497,78281,76153,76153,27597
000070,2011-01-31,75929,75929,71674,71674,38364
000070,2011-02-01,72234,73577,71786,72794,18045
000070,2011-02-07,73689,74249,71338,72682,26273
000070,2011-02-08,72682,72682,71338,72122,20811
000070,2011-02-09,72122,74361,72122,73801,30132
000070,2011-02-10,74137,77945,73017,75257,96572
000070,2011-02-11,76041,77161,72905,72905,30859
000070,2011-02-14,73017,73353,71338,72234,20598
000070,2011-02-15,71674,72234,68762,68986,52200
000070,2011-02-16,68314,71562,67866,69994,41768
000070,2011-02-17,70890,70890,67530,67754,17933
000070,2011-02-18,66186,68874,65514,68314,33862
000070,2011-02-21,68314,70890,66970,69658,28112
000070,2011-02-22,68426,69546,67754,68090,14499
000070,2011-02-23,68986,69210,66858,67194,19847
000070,2011-02-24,67754,67754,65850,65962,17514
000070,2011-02-25,67194,67194,64842,64842,20374
000070,2011-02-28,64954,65066,62826,63834,16713
000070,2011-03-02,62826,63834,61930,62266,20025
000070,2011-03-03,62490,64282,61818,64058,44282
000070,2011-03-04,64394,65626,62826,64730,63922
000070,2011-03-07,64842,65178,62826,62938,32493
000070,2011-03-08,63386,65738,62490,64506,30374
000070,2011-03-09,64954,65738,64058,64282,16780
000070,2011-03-10,65066,65514,63946,64842,35336
000070,2011-03-11,62938,65066,62938,65066,16045
000070,2011-03-14,65178,65178,61371,63050,35107
000070,2011-03-15,63050,63610,57563,59803,54809
000070,2011-03-16,60027,62378,58123,62042,30016
000070,2011-03-17,60699,61706,59579,60811,38188
000070,2011-03-18,61035,62154,60923,60923,49740
000070,2011-03-21,61371,62714,61371,62266,33916
000070,2011-03-22,62714,68090,62378,66298,78221
000070,2011-03-23,66298,68986,65066,65066,71920
000070,2011-03-24,65514,70778,65066,69098,91742
000070,2011-03-25,70330,70666,68090,69210,55748
000070,2011-03-28,69770,69994,67082,67754,43089
000070,2011-03-29,67530,70330,67530,68538,39455
000070,2011-03-30,69546,70778,68986,70106,61678
000070,2011-03-31,71898,72794,70330,72122,51837
000070,2011-04-01,72122,76265,72122,75481,116417
000070,2011-04-04,76041,80521,75593,79849,100092
000070,2011-04-05,80969,81641,79625,81081,73090
000070,2011-04-06,81641,82761,79961,81977,86893
000070,2011-04-07,80857,82425,80297,82313,42076
000070,2011-04-08,81193,83992,81193,83209,47818
000070,2011-04-11,84552,85336,82313,83992,65563
000070,2011-04-12,83097,83209,81081,81193,44932
000070,2011-04-13,80969,83992,80185,83545,49902
000070,2011-04-14,83657,90264,83657,87576,109915
000070,2011-04-15,88472,97991,87800,94072,105427
000070,2011-04-18,95975,97095,92952,93512,91627
000070,2011-04-19,93288,101127,90376,95751,124479
000070,2011-04-20,97319,98999,93512,93512,49144
000070,2011-04-21,94744,98327,94072,97319,59569
000070,2011-04-22,97767,101127,95415,99223,61472
000070,2011-04-25,99223,100791,96871,98551,46469
000070,2011-04-26,97543,99111,93624,94072,60742
000070,2011-04-27,94632,94632,89704,93624,82094
000070,2011-04-28,93736,94632,91720,92280,35633
000070,2011-04-29,91048,94968,90712,92952,39153
000070,2011-05-02,93176,95191,93176,94296,28619
000070,2011-05-03,94744,94968,91160,93288,26228
000070,2011-05-04,93624,95080,92392,94520,21359
000070,2011-05-06,94296,94296,91272,91384,24946
000070,2011-05-09,91384,92168,87352,87576,42989
000070,2011-05-11,88808,90712,86904,89704,30791
000070,2011-05-12,89032,89032,84440,85560,118707
000070,2011-05-13,85896,86904,83881,86680,33436
000070,2011-05-16,84440,88248,84328,88136,30375
000070,2011-05-17,88136,88920,85448,86232,22986
000070,2011-05-18,86232,90824,85784,90264,42720
000070,2011-05-19,90264,93064,88808,91272,43396
000070,2011-05-20,91384,95975,91160,95975,60870
000070,2011-05-23,96871,96871,94296,95639,47650
000070,2011-05-24,95751,97319,93624,96647,39998
000070,2011-05-25,96871,97319,94520,95191,30889
000070,2011-05-26,95415,99223,95415,96983,33977
000070,2011-05-27,97095,102583,96983,101911,56981
000070,2011-05-30,102919,102919,100007,101799,34546
000070,2011-05-31,103479,107510,102583,106838,72016
000070,2011-06-01,106950,111542,106950,110534,57681
000070,2011-06-02,108070,114230,107510,108406,108793
000070,2011-06-03,109638,113110,108182,111430,70374
000070,2011-06-07,110982,113670,104711,108294,74264
000070,2011-06-08,109526,109526,103255,103815,54371
000070,2011-06-09,103815,104599,100567,100791,69989
000070,2011-06-10,101911,104487,99671,100903,56296
000070,2011-06-13,100567,102247,97991,101127,44813
000070,2011-06-14,101911,105607,100791,105271,45120
000070,2011-06-15,106726,109190,105383,109190,47762
000070,2011-06-16,106614,109750,106390,106390,35156
000070,2011-06-17,107398,110534,106838,110534,34109
000070,2011-06-20,111206,113110,108294,111094,45906
000070,2011-06-21,111654,113110,108742,111878,38298
000070,2011-06-22,113110,113110,110534,111990,47126
000070,2011-06-23,111430,112550,108518,108630,68505
000070,2011-06-24,108854,111766,107286,110982,43658
000070,2011-06-27,110870,111542,108966,109638,19326
000070,2011-06-28,110870,111206,108406,108854,32714
000070,2011-06-29,109078,111878,108406,111766,24631
000070,2011-06-30,111990,118709,110534,117589,75444
000070,2011-07-01,118709,118709,113670,118149,76813
000070,2011-07-04,119829,119829,115350,117589,33362
000070,2011-07-05,118149,124869,116470,122629,52879
000070,2011-07-06,123749,125989,120949,124869,27160
000070,2011-07-07,125429,126549,121509,122629,35910
000070,2011-07-08,123749,125989,122069,122629,34521
000070,2011-07-11,122629,122629,117589,121509,40697
000070,2011-07-12,118709,123749,118709,121509,20202
000070,2011-07-13,122629,125429,119269,119829,53653
000070,2011-07-14,120949,123749,118709,123749,42933
000070,2011-07-15,123749,132708,123749,131028,75821
000070,2011-07-18,131028,135508,130468,132708,39042
000070,2011-07-19,133268,138868,132148,137748,49631
000070,2011-07-20,138868,139988,133828,134948,43655
000070,2011-07-21,134948,137188,128229,128788,43628
000070,2011-07-22,129908,138308,128229,136628,51727
000070,2011-07-25,137188,137748,133268,133828,29200
000070,2011-07-26,134948,135508,132148,133268,25988
000070,2011-07-27,134388,136068,131028,131028,46418
000070,2011-07-28,131028,133828,128788,131588,33186
000070,2011-07-29,131588,132708,127669,130468,26634
000070,2011-08-01,131588,133828,128229,129348,32660
000070,2011-08-02,128788,129908,124309,129348,48812
000070,2011-08-03,126549,127669,123749,123749,32569
000070,2011-08-04,124309,124309,111990,113670,55571
000070,2011-08-05,102471,113670,102471,111766,63644
000070,2011-08-08,109974,111206,95415,107062,62634
000070,2011-08-09,102359,103591,93176,101015,79755
000070,2011-08-10,108406,109190,103031,104935,82390
000070,2011-08-11,100791,115350,97543,115350,123236
000070,2011-08-12,115910,123749,115350,117030,63175
000070,2011-08-16,122069,124309,118149,119829,41445
000070,2011-08-17,120949,132148,118149,128788,77733
000070,2011-08-18,127669,135508,126549,134948,64140
000070,2011-08-19,132148,139988,127669,128788,65924
000070,2011-08-22,127669,135508,119269,119269,54078
000070,2011-08-23,120949,125429,116470,124309,36122
000070,2011-08-24,125429,128788,118149,119269,38380
000070,2011-08-25,119829,122629,111430,111430,77008
000070,2011-08-26,111430,114790,108742,111094,36349
000070,2011-08-29,112550,113110,108630,110198,43452
000070,2011-08-30,111542,120949,110982,120389,70883
000070,2011-08-31,123189,124869,119829,123749,41317
000070,2011-09-01,124309,127669,121509,122069,62307
000070,2011-09-02,121509,122069,114230,114790,79036
000070,2011-09-05,111990,113110,107510,108182,63477
000070,2011-09-06,106950,112550,104711,109750,60584
000070,2011-09-07,113670,114230,108630,111094,47912
000070,2011-09-08,111990,114230,108742,110646,37773
000070,2011-09-09,109414,111318,108406,108406,19755
000070,2011-09-14,108406,108630,104151,106390,33750
000070,2011-09-15,108518,109414,100903,105159,34997
000070,2011-09-16,106390,113110,104823,113110,43172
000070,2011-09-19,109974,111878,108406,109750,19120
000070,2011-09-20,108518,109750,104151,105047,29576
000070,2011-09-21,105607,111206,105159,106055,28259
000070,2011-09-22,103591,106950,101351,104823,34623
000070,2011-09-23,99223,102359,95080,96311,40741
000070,2011-09-26,96871,98439,81865,81865,86250
000070,2011-09-27,84216,86008,80297,83992,76319
000070,2011-09-28,85336,94072,85224,90040,61563
000070,2011-09-29,87240,90824,85560,87912,30513
000070,2011-09-30,88472,91832,88360,90488,22799
000070,2011-10-04,83433,94968,83433,93400,51310
000070,2011-10-05,94072,94968,85224,88472,33994
000070,2011-10-06,90152,91048,88472,89032,30636
000070,2011-10-07,87576,90040,87128,87352,51801
000070,2011-10-10,87352,90376,87016,89592,31954
000070,2011-10-11,91048,92840,88808,88808,47547
000070,2011-10-12,87912,89256,85672,86904,41468
000070,2011-10-13,87912,92056,87688,90488,51054
000070,2011-10-14,90712,93512,89816,92056,38997
000070,2011-10-17,92616,94296,92616,93960,49881
000070,2011-10-18,91272,93176,89592,89704,47000
000070,2011-10-19,91720,92056,89704,90376,47149
000070,2011-10-20,89816,89928,83992,83992,75689
000070,2011-10-21,85672,85672,81753,85112,34321
000070,2011-10-24,86008,89144,84216,87688,58996
000070,2011-10-25,88024,90936,85784,90600,98532
000070,2011-10-26,90600,90600,90600,90600,0
000070,2011-10-27,90600,90600,90600,90600,0
000070,2011-10-28,90600,90600,90600,90600,0
000070,2011-10-31,90600,90600,90600,90600,0
000070,2011-11-01,90600,90600,90600,90600,0
000070,2011-11-02,90600,90600,90600,90600,0
000070,2011-11-03,90600,90600,90600,90600,0
000070,2011-11-04,90600,90600,90600,90600,0
000070,2011-11-07,90600,90600,90600,90600,0
000070,2011-11-08,90600,90600,90600,90600,0
000070,2011-11-09,90600,90600,90600,90600,0
000070,2011-11-10,90600,90600,90600,90600,0
000070,2011-11-11,90600,90600,90600,90600,0
000070,2011-11-14,90600,90600,90600,90600,0
000070,2011-11-15,90600,90600,90600,90600,0
000070,2011-11-16,90600,90600,90600,90600,0
000070,2011-11-17,90600,90600,90600,90600,0
000070,2011-11-18,90600,90600,90600,90600,0
000070,2011-11-21,90600,90600,90600,90600,0
000070,2011-11-22,90600,90600,90600,90600,0
000070,2011-11-23,90600,90600,90600,90600,0
000070,2011-11-24,90600,90600,90600,90600,0
000070,2011-11-25,90600,90600,90600,90600,0
000070,2011-11-28,90600,90600,90600,90600,0
000070,2011-11-29,90600,90600,90600,90600,0
000070,2011-11-30,90600,90600,90600,90600,0
000070,2011-12-01,90600,90600,90600,90600,0
000070,2011-12-02,90600,90600,90600,90600,0
000070,2011-12-05,84000,84000,79000,82300,71270
000070,2011-12-06,81000,82000,72900,80400,76026
000070,2011-12-07,80500,85800,78300,83800,70875
000070,2011-12-08,83000,83800,78600,79000,77888
000070,2011-12-09,77500,77500,75200,75800,54597
000070,2011-12-12,77100,79100,77100,78000,39288
000070,2011-12-13,77100,81400,76100,79900,32905
000070,2011-12-14,80200,83000,78400,83000,24089
000070,2011-12-15,81700,88300,81700,85900,59782
000070,2011-12-16,87000,87400,82000,82200,34652
000070,2011-12-19,81200,82200,78800,81000,28281
000070,2011-12-20,79800,81500,79300,80000,17106
000070,2011-12-21,81500,82500,79500,80400,20230
000070,2011-12-22,80300,82900,80300,81500,17220
000070,2011-12-23,81600,82100,79100,79900,25134
000070,2011-12-26,80500,80600,76800,78800,29661
000070,2011-12-27,78500,78900,75500,77700,40342
000070,2011-12-28,76800,79300,75300,79300,15001
000070,2011-12-29,79500,79500,77000,77200,29014
000070,2012-01-02,77500,79200,77400,78400,17842
000070,2012-01-03,78500,82600,73200,82500,31611
000070,2012-01-04,83000,84500,80900,82900,25792
000070,2012-01-05,82900,84000,81700,83400,20007
000070,2012-01-06,84100,85000,82200,83700,20129
000070,2012-01-09,83900,84400,82400,83500,9130
000070,2012-01-10,84300,84900,82600,84900,9958
000070,2012-01-11,84100,86100,83300,86000,14570
000070,2012-01-12,86000,86700,84800,86700,6167
000070,2012-01-13,86100,86700,85600,85600,5506
000070,2012-01-16,85700,85900,83100,83100,11287
000070,2012-01-17,83800,84700,83100,83700,6979
000070,2012-01-18,82200,84700,82200,84600,9576
000070,2012-01-19,84600,85200,83400,84300,8806
000070,2012-01-20,83100,85000,82900,85000,13209
000070,2012-01-25,85000,92400,84200,88000,24171
000070,2012-01-26,88000,89200,86800,87800,8890
000070,2012-01-27,89000,90500,87100,87700,16583
000070,2012-01-30,87100,90700,87100,90200,19486
000070,2012-01-31,91200,91500,89300,89300,16262
000070,2012-02-01,91000,91000,89600,90500,8228
000070,2012-02-02,90500,91500,90200,90600,10190
000070,2012-02-03,91200,91900,89500,90200,8758
000070,2012-02-06,89700,90700,86300,90200,11725
000070,2012-02-07,90300,90300,87700,88300,8962
000070,2012-02-08,88300,88900,87200,88400,14055
000070,2012-02-09,88400,89200,86200,87500,15310
000070,2012-02-10,87600,90500,86600,87100,15821
000070,2012-02-13,87500,87500,85300,87300,13569
000070,2012-02-14,87900,87900,85400,86500,20943
000070,2012-02-15,87000,87400,85300,86900,22686
000070,2012-02-16,86000,87800,86000,86700,13608
000070,2012-02-17,87100,87600,85300,85400,18377
000070,2012-02-20,85500,85900,80100,81400,32671
000070,2012-02-21,81600,82200,79200,79900,25570
000070,2012-02-22,80200,80300,77500,79000,30594
000070,2012-02-23,78100,78300,75500,76300,52715
000070,2012-02-24,76300,78200,75400,77900,30052
000070,2012-02-27,78000,78200,74500,74500,36178
000070,2012-02-28,75100,76000,72600,73700,43733
000070,2012-02-29,73300,74600,73300,73400,21898
000070,2012-03-02,74100,76000,74000,74800,23871
000070,2012-03-05,74700,74800,73100,73300,24128
000070,2012-03-06,73300,74100,72900,73700,13523
000070,2012-03-07,73000,73800,72400,73000,18509
000070,2012-03-08,73800,73800,72800,72900,9792
000070,2012-03-09,73400,74600,72900,74300,18296
000070,2012-03-12,74700,74700,74000,74100,10125
000070,2012-03-13,74500,74600,73500,73700,7992
000070,2012-03-14,74500,74500,73400,73700,9419
000070,2012-03-15,74000,74500,72800,74000,14130
000070,2012-03-16,74000,75600,73500,75500,17624
000070,2012-03-19,75700,76100,75000,75000,12164
000070,2012-03-20,75000,75500,74000,74300,7633
000070,2012-03-21,74400,74400,72500,73100,12567
000070,2012-03-22,72900,72900,69300,69500,31875
000070,2012-03-23,69400,71000,68200,69700,10729
000070,2012-03-26,70200,70200,67600,70100,10169
000070,2012-03-27,70400,71200,69700,70600,6612
000070,2012-03-28,69100,70600,69100,69700,4210
000070,2012-03-29,69500,72900,69500,72800,13795
000070,2012-03-30,72500,74200,70900,74200,13766
000070,2012-04-02,74200,74200,73000,73000,5819
000070,2012-04-03,72200,74500,72200,73500,10860
000070,2012-04-04,74000,74000,70900,71500,5334
000070,2012-04-05,71800,71800,69000,70100,9970
000070,2012-04-06,70100,70800,69000,69500,4680
000070,2012-04-09,70500,70500,67500,69800,8950
000070,2012-04-10,67900,70500,67900,70500,7520
000070,2012-04-12,70900,71900,69300,71500,4957
000070,2012-04-13,70900,72000,70900,71100,4488
000070,2012-04-16,70000,71300,69500,70800,3579
000070,2012-04-17,71300,71300,69100,69100,9225
000070,2012-04-18,69400,69800,68500,68500,4476
000070,2012-04-19,68500,69200,67400,67500,9932
000070,2012-04-20,68100,68100,65000,65000,16944
000070,2012-04-23,65500,66200,64300,66000,5983
000070,2012-04-24,64900,65900,64100,64200,7657
000070,2012-04-25,62600,64900,62000,62000,14841
000070,2012-04-26,62000,63300,62000,62000,6164
000070,2012-04-27,63100,63300,61300,61400,9422
000070,2012-04-30,61900,62300,60000,60100,11680
000070,2012-05-02,60300,62600,59500,61300,11637
000070,2012-05-03,61500,62000,59900,60200,10290
000070,2012-05-04,60700,62500,59700,62300,7697
000070,2012-05-07,62000,62000,60100,60200,5479
000070,2012-05-08,60600,61500,59900,59900,7407
000070,2012-05-09,60000,61000,59800,60200,8843
000070,2012-05-10,61000,61500,59900,60300,7795
000070,2012-05-11,60300,60400,57800,57900,19235
000070,2012-05-14,57400,58700,56000,56000,14121
000070,2012-05-15,54200,55400,53800,54300,18154
000070,2012-05-16,54000,54200,52500,52700,17947
000070,2012-05-17,53000,53800,52600,52600,13588
000070,2012-05-18,51900,53100,50700,50900,13303
000070,2012-05-21,51300,52600,50200,52100,14644
000070,2012-05-22,52100,52700,50900,51700,11985
000070,2012-05-23,51500,51500,50000,50200,11889
000070,2012-05-24,50500,50800,49750,49900,14291
000070,2012-05-25,49850,52400,49850,52100,5657
000070,2012-05-29,52200,52900,51600,52300,7216
000070,2012-05-30,51600,52700,51200,51900,7095
000070,2012-05-31,51300,52700,50700,52500,6947
000070,2012-06-01,52600,52600,51500,51800,2880
000070,2012-06-04,49500,50000,48500,49650,13289
000070,2012-06-05,49300,50300,49300,49800,7928
000070,2012-06-07,50500,51100,50000,50000,10821
000070,2012-06-08,50000,50700,49800,50000,4442
000070,2012-06-11,50200,50800,49800,50100,8984
000070,2012-06-12,50200,50200,49250,49900,3754
000070,2012-06-13,50600,50600,49550,50200,4193
000070,2012-06-14,50700,51700,49600,51700,18553
000070,2012-06-15,51100,52500,50100,50100,22493
000070,2012-06-18,50800,52000,50500,52000,17615
000070,2012-06-19,51200,52000,50800,51000,6929
000070,2012-06-20,51300,51600,50800,51100,6028
000070,2012-06-21,51100,51800,51000,51300,6519
000070,2012-06-22,51000,51000,50000,50300,6561
000070,2012-06-25,50300,50400,49500,49550,8440
000070,2012-06-26,49550,49850,49200,49350,4924
000070,2012-06-27,49450,49500,48850,49500,5438
000070,2012-06-28,49500,49550,48750,48750,8519
000070,2012-06-29,48600,49300,48300,48550,4339
000070,2012-07-02,48950,49500,48900,49400,6142
000070,2012-07-03,49450,49650,49200,49300,5228
000070,2012-07-04,49700,49800,48750,48750,11522
000070,2012-07-05,48650,49300,48650,48800,5337
000070,2012-07-06,49300,50600,49000,50000,13536
000070,2012-07-09,50000,51200,49650,50800,13009
000070,2012-07-10,50700,52600,50600,50700,12689
000070,2012-07-11,51500,52500,51100,51600,14665
000070,2012-07-12,52500,55000,51900,53300,30389
000070,2012-07-13,53900,56400,53400,55600,38871
000070,2012-07-16,56200,59800,55900,59000,44193
000070,2012-07-17,60000,60100,56400,57000,36029
000070,2012-07-18,57000,57400,54200,55200,25766
000070,2012-07-19,55600,57100,55100,55900,16947
000070,2012-07-20,55900,55900,54100,55300,12854
000070,2012-07-23,55200,55200,52400,52700,13188
000070,2012-07-24,52300,54800,50700,50900,12571
000070,2012-07-25,49750,52700,49750,52000,14804
000070,2012-07-26,51800,53100,50400,50400,12942
000070,2012-07-27,51100,51600,50400,50800,10690
000070,2012-07-30,51700,52200,50300,51600,19152
000070,2012-07-31,51700,55100,51700,54000,24596
000070,2012-08-01,54000,57000,53200,56900,36248
000070,2012-08-02,57100,58600,56100,56600,13905
000070,2012-08-03,56000,56700,55300,56700,9377
000070,2012-08-06,57700,57900,56100,56200,9653
000070,2012-08-07,55300,56900,55300,56300,9730
000070,2012-08-08,56500,57800,56300,57000,18515
000070,2012-08-09,57400,59000,57000,58400,22157
000070,2012-08-10,58500,59200,57800,58500,12343
000070,2012-08-13,58500,59200,57600,57700,13649
000070,2012-08-14,58200,59000,57900,58800,6915
000070,2012-08-16,59200,59300,58400,58700,6642
000070,2012-08-17,58600,63700,58400,62700,41299
000070,2012-08-20,62700,64900,62700,64300,32724
000070,2012-08-21,64900,65600,61000,61000,36931
000070,2012-08-22,60800,62800,60800,62000,18196
000070,2012-08-23,62000,62500,60500,61700,10053
000070,2012-08-24,61200,61900,60800,61400,10827
000070,2012-08-27,61900,63700,61300,61500,16284
000070,2012-08-28,61600,62000,59000,61100,12597
000070,2012-08-29,62200,62200,59700,60000,13112
000070,2012-08-30,59800,60000,57400,57400,26458
000070,2012-08-31,57400,58600,56100,56500,17878
000070,2012-09-03,56400,57200,55200,56900,23340
000070,2012-09-04,57100,58200,56300,56300,15178
000070,2012-09-05,56700,56700,54600,54600,15701
000070,2012-09-06,54600,56600,54600,55600,11424
000070,2012-09-07,56500,57700,56400,57500,12573
000070,2012-09-10,57500,59000,56700,58400,14579
000070,2012-09-11,57800,58700,57800,58000,6967
000070,2012-09-12,58600,60000,57900,59800,10813
000070,2012-09-13,59800,59800,58500,59600,15760
000070,2012-09-14,60300,61900,59200,61900,19927
000070,2012-09-17,61000,62000,60300,61700,16086
000070,2012-09-18,61800,62500,61000,62400,9253
000070,2012-09-19,62600,62600,61000,61600,10629
000070,2012-09-20,61900,64300,61600,63900,31756
000070,2012-09-21,64200,65900,63000,63000,25302
000070,2012-09-24,63300,65400,61300,65400,22976
000070,2012-09-25,65300,67200,65200,66100,25549
000070,2012-09-26,66100,66600,64500,65400,17902
000070,2012-09-27,65000,66500,63800,66000,20919
000070,2012-09-28,65400,67700,65400,66100,10636
000070,2012-10-02,66300,66800,65500,65500,4785
000070,2012-10-04,65500,66000,64000,65000,17066
000070,2012-10-05,64600,65500,63600,65200,13396
000070,2012-10-08,65900,66500,64600,66300,16114
000070,2012-10-09,66200,68300,65600,66300,16016
000070,2012-10-10,66200,66200,64200,64200,13131
000070,2012-10-11,65000,65000,63100,64000,9765
000070,2012-10-12,64100,67000,63700,66400,15634
000070,2012-10-15,67500,67600,65500,66400,23059
000070,2012-10-16,66600,66600,64900,65300,8983
000070,2012-10-17,66500,70100,65400,70000,31506
000070,2012-10-18,70000,73600,70000,70400,42666
000070,2012-10-19,71000,75400,70400,74500,40910
000070,2012-10-22,72500,78000,72500,76200,31017
000070,2012-10-23,78000,78000,75000,76100,22377
000070,2012-10-24,76100,79200,74900,78800,26128
000070,2012-10-25,79700,79700,75000,75000,24066
000070,2012-10-26,74900,75600,70500,72800,48004
000070,2012-10-29,72200,74300,71000,71900,12157
000070,2012-10-30,72000,72800,69600,69900,13524
000070,2012-10-31,70400,72500,70400,71500,17660
000070,2012-11-01,71500,73400,70900,72000,17758
000070,2012-11-02,72800,72900,71100,71700,7811
000070,2012-11-05,71500,74300,70800,73900,11349
000070,2012-11-06,74200,74600,72900,74000,16952
000070,2012-11-07,74300,74500,71800,73100,12357
000070,2012-11-08,72400,74000,70300,72500,13158
000070,2012-11-09,73400,73400,70700,71000,9143
000070,2012-11-12,70700,72900,70500,72900,10572
000070,2012-11-13,73500,73500,70800,71800,6814
000070,2012-11-14,71400,77000,68900,76000,36787
000070,2012-11-15,74200,77400,74200,75500,14881
000070,2012-11-16,76100,76800,74000,75900,9293
000070,2012-11-19,76800,77700,76200,77000,12953
000070,2012-11-20,76500,77500,76200,77500,7742
000070,2012-11-21,77200,77900,75400,76300,8770
000070,2012-11-22,76200,77400,72400,72400,15228
000070,2012-11-23,72600,73700,71100,73500,9250
000070,2012-11-26,72400,73800,71900,72400,11654
000070,2012-11-27,73100,73400,70000,70400,15327
000070,2012-11-28,71800,73200,70500,72400,5252
000070,2012-11-29,72000,73900,72000,73400,3849
000070,2012-11-30,72000,73600,72000,73600,3982
000070,2012-12-03,74000,74000,71400,71600,11350
000070,2012-12-04,70900,71600,69200,71500,14535
000070,2012-12-05,72100,72100,69500,70100,12799
000070,2012-12-06,70000,71200,67100,70700,16378
000070,2012-12-07,70800,71100,68500,69000,11321
000070,2012-12-10,68200,68800,66700,67900,9230
000070,2012-12-11,68600,69700,66900,68900,6039
000070,2012-12-12,68700,71200,68500,71200,7611
000070,2012-12-13,70300,73500,69700,73500,16895
000070,2012-12-14,72100,74900,71900,74300,12036
000070,2012-12-17,75000,75000,73600,73600,5157
000070,2012-12-18,74700,74700,72700,74000,9646
000070,2012-12-20,73200,73900,72500,72600,6389
000070,2012-12-21,72600,73800,71400,72400,5995
000070,2012-12-24,73100,73100,71000,71200,6184
000070,2012-12-26,71800,73500,71200,73000,11049
000070,2012-12-27,70400,72100,70400,72100,9234
000070,2012-12-28,72100,72400,71000,71000,4899
000070,2013-01-02,71500,72000,71300,71400,2300
000070,2013-01-03,71500,72700,70700,71200,6271
000070,2013-01-04,71200,72000,70400,71100,8012
000070,2013-01-07,71000,71100,70400,70500,3322
000070,2013-01-08,70400,71000,69300,69300,6006
000070,2013-01-09,69300,69900,68300,68300,12728
000070,2013-01-10,68400,69100,67500,69000,8356
000070,2013-01-11,69000,70200,67800,70200,11024
000070,2013-01-14,70200,70700,69400,70200,9590
000070,2013-01-15,70200,71400,69200,69600,10344
000070,2013-01-16,69800,69900,69000,69100,8990
000070,2013-01-17,69100,69200,67600,68500,6407
000070,2013-01-18,68900,69500,68200,69200,2766
000070,2013-01-21,68700,74600,68700,69800,3631
000070,2013-01-22,70000,70000,68100,69700,7272
000070,2013-01-23,68600,69600,68600,69400,4584
000070,2013-01-24,68700,69300,67800,67900,8228
000070,2013-01-25,68000,68000,66200,67300,5381
000070,2013-01-28,66700,68700,66700,67700,5136
000070,2013-01-29,67600,68400,67600,68200,3531
000070,2013-01-30,68000,68400,67600,68200,4987
000070,2013-01-31,67800,68400,67700,67800,3390
000070,2013-02-01,67700,68000,66200,67300,6501
000070,2013-02-04,67200,67800,66800,67600,3889
000070,2013-02-05,67000,67900,66500,66600,5886
000070,2013-02-06,66900,67000,65300,66700,6024
000070,2013-02-07,65600,66900,65000,66000,7213
000070,2013-02-08,65400,68800,65200,67200,5716
000070,2013-02-12,66600,67100,65700,66000,7115
000070,2013-02-13,65800,66600,65600,66500,3959
000070,2013-02-14,66500,66800,65700,66700,6092
000070,2013-02-15,66300,66700,65200,65800,4173
000070,2013-02-18,66100,66200,65000,65400,5166
000070,2013-02-19,65100,66400,65100,66000,4935
000070,2013-02-20,66000,69100,66000,69000,9379
000070,2013-02-21,68100,68900,67200,68000,8229
000070,2013-02-22,67700,69400,67600,69300,6281
000070,2013-02-25,69300,69500,68700,69200,4457
000070,2013-02-26,68600,69600,68000,68800,6536
000070,2013-02-27,68800,69000,67900,69000,3881
000070,2013-02-28,68600,70000,68600,69400,5423
000070,2013-03-04,68900,69800,68500,68600,2405
000070,2013-03-05,68600,69200,68100,68500,4138
000070,2013-03-06,68700,69000,68400,68600,2186
000070,2013-03-07,68900,69000,68200,68700,3908
000070,2013-03-08,68300,69000,68000,68900,5033
000070,2013-03-11,69100,69600,68100,69500,6780
000070,2013-03-12,69500,69700,68300,69000,5525
000070,2013-03-13,69000,69200,68200,69000,4434
000070,2013-03-14,68600,69300,68000,69300,5407
000070,2013-03-15,69300,69400,68600,68600,4203
000070,2013-03-18,68300,68700,67600,67600,8508
000070,2013-03-19,68200,68800,67700,68500,2826
000070,2013-03-20,68500,69000,67900,68600,4394
000070,2013-03-21,68600,68700,67900,68300,4488
000070,2013-03-22,67800,68300,67500,67700,5632
000070,2013-03-25,67100,67100,63300,67000,50656
000070,2013-03-26,66900,69800,65800,69300,21397
000070,2013-03-27,69400,69400,67800,69100,10207
000070,2013-03-28,68900,69300,68200,69300,8682
000070,2013-03-29,69400,71000,68500,70700,21604
000070,2013-04-01,70800,72100,70800,71100,14271
000070,2013-04-02,71300,73000,70600,72500,19513
000070,2013-04-03,72900,73500,71700,72700,12629
000070,2013-04-04,72600,72600,69000,70600,15017
000070,2013-04-05,70400,72400,69500,72100,18430
000070,2013-04-08,72000,72000,70000,71700,8239
000070,2013-04-09,70700,71300,70200,70600,11183
000070,2013-04-10,70700,71400,69700,70600,10473
000070,2013-04-11,71000,73400,70600,73400,11234
000070,2013-04-12,74900,75000,72500,73000,14476
000070,2013-04-15,72300,73500,71400,72300,11175
000070,2013-04-16,72200,75000,71200,75000,12547
000070,2013-04-17,75100,76200,74200,75700,14948
000070,2013-04-18,75100,78400,75100,78100,20966
000070,2013-04-19,77100,82000,77100,80700,20115
000070,2013-04-22,80900,82000,80000,80900,10348
000070,2013-04-23,81700,85900,80900,85900,21190
000070,2013-04-24,85900,88800,84700,88200,21114
000070,2013-04-25,88500,89700,87600,89700,16867
000070,2013-04-26,90100,92500,89800,92300,18343
000070,2013-04-29,93900,94500,90100,91900,13317
000070,2013-04-30,91900,94300,90300,93600,16513
000070,2013-05-02,92600,94300,89900,91800,15621
000070,2013-05-03,91800,91800,89000,90900,16265
000070,2013-05-06,91100,94000,91100,93600,14934
000070,2013-05-07,94000,94000,83600,90700,13960
000070,2013-05-08,90800,91700,89200,90000,14350
000070,2013-05-09,90700,91300,86900,88500,22311
000070,2013-05-10,88900,89500,85800,88000,10023
000070,2013-05-13,88100,88500,86100,88400,9610
000070,2013-05-14,89800,89800,86800,87800,8604
000070,2013-05-15,88100,88500,87200,88000,10285
000070,2013-05-16,85100,85600,82500,82500,23427
000070,2013-05-20,83900,84400,81900,83700,14501
000070,2013-05-21,83800,88000,83000,88000,13988
000070,2013-05-22,88500,90300,87700,89700,18430
000070,2013-05-23,89000,90100,85400,86900,14621
000070,2013-05-24,86100,87400,85300,86800,7070
000070,2013-05-27,85200,87300,85200,87300,4024
000070,2013-05-28,87300,88200,85600,88100,12467
000070,2013-05-29,88300,88500,86300,88000,10282
000070,2013-05-30,89500,89500,86200,88000,7774
000070,2013-05-31,87500,88300,86600,88000,7894
000070,2013-06-03,88000,88400,86400,88400,4203
000070,2013-06-04,88400,88400,85100,87700,8831
000070,2013-06-05,87700,87700,85500,85500,4082
000070,2013-06-07,84200,86100,80300,80300,10011
000070,2013-06-10,80500,85800,78600,85800,9317
000070,2013-06-11,86000,90700,83700,90700,18034
000070,2013-06-12,91000,91700,89300,91400,17310
000070,2013-06-13,90200,91400,88100,88100,18055
000070,2013-06-14,89500,90000,86500,88600,11007
000070,2013-06-17,88700,91500,88100,90000,10296
000070,2013-06-18,90500,90500,88200,90000,15685
000070,2013-06-19,88600,90500,88500,90400,4335
000070,2013-06-20,90500,90500,87500,89000,9813
000070,2013-06-21,88900,88900,86400,88100,12302
000070,2013-06-24,87900,87900,84600,87400,7040
000070,2013-06-25,87300,87300,83500,85600,9493
000070,2013-06-26,84600,87500,84000,87400,9676
000070,2013-06-27,87500,89000,85900,88400,10116
000070,2013-06-28,86200,88700,86200,86700,9246
000070,2013-07-01,85200,87900,83900,83900,7479
000070,2013-07-02,83900,84400,81300,81800,12045
000070,2013-07-03,81300,82700,80400,80400,5346
000070,2013-07-04,80400,81300,78700,80400,7424
000070,2013-07-05,81000,81000,79100,80500,6398
000070,2013-07-08,80700,81800,79200,81800,6366
000070,2013-07-09,82100,82100,80100,80700,6149
000070,2013-07-10,80100,80800,76300,76300,7394
000070,2013-07-11,76400,79800,75700,79700,13034
000070,2013-07-12,79000,81100,78200,80800,8010
000070,2013-07-15,79600,80800,78300,79300,8939
000070,2013-07-16,79300,79700,78200,79000,7962
000070,2013-07-17,79200,82200,78100,81400,14983
000070,2013-07-18,80600,81900,79900,80500,9104
000070,2013-07-19,80500,82100,80500,81400,5313
000070,2013-07-22,82300,85100,81400,84200,4057
000070,2013-07-23,83900,85000,82900,84200,12793
000070,2013-07-24,85200,87000,84000,86000,6714
000070,2013-07-25,85500,86200,84500,85500,6794
000070,2013-07-26,85000,86300,85000,85000,4612
000070,2013-07-29,85000,85900,84700,84700,7123
000070,2013-07-30,85200,86000,84800,85100,4555
000070,2013-07-31,84900,86200,84900,85600,10378
000070,2013-08-01,85000,87500,84200,87000,10223
000070,2013-08-02,87100,90000,87100,89400,7925
000070,2013-08-05,88400,91400,88400,90500,8739
000070,2013-08-06,90500,90600,88600,90500,7591
000070,2013-08-07,90000,91500,89200,90600,9107
000070,2013-08-08,91000,91000,88900,89800,3838
000070,2013-08-09,88600,89900,86100,86200,7445
000070,2013-08-12,86000,87000,85100,86300,8759
000070,2013-08-13,86800,86800,83500,84700,9599
000070,2013-08-14,85200,85300,83300,84000,8655
000070,2013-08-16,82700,83900,82000,82000,8583
000070,2013-08-19,81500,85100,80900,85100,11161
000070,2013-08-20,83200,85900,82500,82600,8130
000070,2013-08-21,82800,83400,79700,82700,9873
000070,2013-08-22,81500,82700,79300,81600,11003
000070,2013-08-23,80300,84500,79600,83200,13018
000070,2013-08-26,82400,84800,82000,84400,5321
000070,2013-08-27,83500,84700,82600,83600,7223
000070,2013-08-28,83200,84300,82100,83400,5487
000070,2013-08-29,83700,84600,83200,84400,5792
000070,2013-08-30,84600,85500,83500,85100,5923
000070,2013-09-02,84500,85600,84500,85300,4459
000070,2013-09-03,85300,89000,84500,87400,12582
000070,2013-09-04,88200,89700,86200,87600,5711
000070,2013-09-05,87100,89800,86800,89700,6856
000070,2013-09-06,89100,89600,87700,88200,6888
000070,2013-09-09,88200,89900,86700,87500,7149
000070,2013-09-10,88600,89300,87400,87400,4573
000070,2013-09-11,86800,89200,86800,88100,6765
000070,2013-09-12,88200,90500,88200,90400,12407
000070,2013-09-13,89300,90800,89000,90300,5613
000070,2013-09-16,91000,91900,88000,88900,4245
000070,2013-09-17,84900,85900,82500,85400,104817
000070,2013-09-23,85900,85900,84400,84600,12655
000070,2013-09-24,84000,84900,83500,84300,11334
000070,2013-09-25,84400,84600,82500,82600,13327
000070,2013-09-26,83100,84800,82800,84800,5384
000070,2013-09-27,84800,86700,84200,85900,6983
000070,2013-09-30,85500,89600,85500,89000,11920
000070,2013-10-01,89000,89900,88200,89600,13967
000070,2013-10-02,90000,90000,88300,89200,9582
000070,2013-10-04,88400,90400,85800,86800,10578
000070,2013-10-07,85200,88100,85100,87200,10176
000070,2013-10-08,87200,87200,85200,86600,4568
000070,2013-10-10,86900,86900,84000,84000,5696
000070,2013-10-11,85900,86000,84500,85500,4190
000070,2013-10-14,85000,87000,85000,86100,4544
000070,2013-10-15,86100,87500,83000,85100,12771
000070,2013-10-16,84900,87500,84100,86300,9037
000070,2013-10-17,87000,87400,84600,86000,8030
000070,2013-10-18,85300,87200,85100,86500,6336
000070,2013-10-21,85500,86600,84700,86300,5233
000070,2013-10-22,86400,89200,85900,87000,8983
000070,2013-10-23,87400,88800,86800,87100,6019
000070,2013-10-24,87600,88800,86700,87800,5127
000070,2013-10-25,87800,89300,87800,88200,3191
000070,2013-10-28,89200,89200,87000,87900,3046
000070,2013-10-29,87100,88900,86200,88600,7224
000070,2013-10-30,88100,89900,88100,89900,4703
000070,2013-10-31,90000,91000,88500,88500,8852
000070,2013-11-01,87900,88500,85700,88300,10721
000070,2013-11-04,87600,88300,86200,86200,6462
000070,2013-11-05,85500,87700,85200,86100,4172
000070,2013-11-06,85300,87400,85000,86600,5446
000070,2013-11-07,85500,87500,84500,86300,6251
000070,2013-11-08,87100,87100,85000,85100,7612
000070,2013-11-11,84600,86300,84000,85900,6073
000070,2013-11-12,85000,86500,84900,85800,3872
000070,2013-11-13,85800,86000,83900,84100,5444
000070,2013-11-14,84000,85400,82700,82800,6834
000070,2013-11-15,83800,84300,82800,84300,5988
000070,2013-11-18,84300,84400,81700,84200,6122
000070,2013-11-19,83100,86400,83100,86300,6492
000070,2013-11-20,86300,86600,85300,86300,3425
000070,2013-11-21,85900,86800,84600,86200,4964
000070,2013-11-22,86200,86800,85100,86400,5032
000070,2013-11-25,86400,87500,85400,87500,6930
000070,2013-11-26,86300,87400,85800,86400,4911
000070,2013-11-27,86100,86600,85400,86100,3548
000070,2013-11-28,86400,87300,85800,86400,5309
000070,2013-11-29,86000,87100,86000,86500,3240
000070,2013-12-02,86500,87200,84400,85200,4973
000070,2013-12-03,85300,85700,83300,84900,7713
000070,2013-12-04,84000,84200,82400,82700,9869
000070,2013-12-05,83200,83700,82200,82300,4930
000070,2013-12-06,82600,83300,78600,79200,13142
000070,2013-12-09,79700,79900,78300,79300,7843
000070,2013-12-10,79400,79400,76600,79000,11636
000070,2013-12-11,78800,79000,76200,76700,11145
000070,2013-12-12,76200,76700,75300,76000,8890
000070,2013-12-13,76000,77300,74100,77300,11484
000070,2013-12-16,76600,77500,75200,76800,7144
000070,2013-12-17,77300,78100,76400,77100,3234
000070,2013-12-18,77200,77800,76400,77800,2982
000070,2013-12-19,78100,78200,76000,76000,4840
000070,2013-12-20,76500,77800,76400,77200,6882
000070,2013-12-23,77700,78100,76600,77500,8181
000070,2013-12-24,77400,78500,77200,78500,5817
000070,2013-12-26,78500,79500,78000,79500,6601
000070,2013-12-27,79400,79400,78000,78300,3411
000070,2013-12-30,78700,78700,74600,74600,17190
000070,2014-01-02,75500,75900,73500,73500,12328
000070,2014-01-03,73400,73600,71600,71800,12650
000070,2014-01-06,71700,72800,71700,72700,3465
000070,2014-01-07,72600,74400,71500,73900,8012
000070,2014-01-08,73400,73800,71600,73600,9353
000070,2014-01-09,73000,73700,72200,72300,8877
000070,2014-01-10,72400,72800,71100,71200,4701
000070,2014-01-13,71500,71600,70300,70600,5600
000070,2014-01-14,70500,70700,69500,69800,6561
000070,2014-01-15,69800,71200,69700,70500,5908
000070,2014-01-16,70600,71300,69800,70800,4808
000070,2014-01-17,70500,71400,70300,70700,3120
000070,2014-01-20,70800,70900,69900,70500,4294
000070,2014-01-21,70000,70500,69500,70500,6681
000070,2014-01-22,70300,70900,69700,69800,5793
000070,2014-01-23,69300,69800,68200,68200,9789
000070,2014-01-24,68400,68600,66800,67300,7926
000070,2014-01-27,67300,67400,65500,65900,9749
000070,2014-01-28,66800,67900,66100,67200,4571
000070,2014-01-29,67400,68800,67400,68600,3162
000070,2014-02-03,68600,72000,68000,68500,4033
000070,2014-02-04,67700,68800,66700,68100,9480
000070,2014-02-05,68400,69300,68000,68500,7014
000070,2014-02-06,68900,70100,68900,69500,6993
000070,2014-02-07,69900,72000,69800,71000,13286
000070,2014-02-10,71800,72800,71400,72300,7774
000070,2014-02-11,71900,73400,71100,72700,7942
000070,2014-02-12,72300,73900,72100,73600,7359
000070,2014-02-13,73500,73800,72300,72700,5977
000070,2014-02-14,72600,73800,67500,73100,13281
000070,2014-02-17,72800,73000,71600,72400,6461
000070,2014-02-18,72400,73600,72200,73100,4239
000070,2014-02-19,72600,73400,71900,72300,4767
000070,2014-02-20,71800,72600,70400,71200,6381
000070,2014-02-21,71100,71800,70900,71200,1150
000070,2014-02-24,71300,71300,70200,70200,3493
000070,2014-02-25,70300,71200,70300,71000,6058
000070,2014-02-26,70500,71300,70100,71300,8051
000070,2014-02-27,70700,72100,70500,71600,6577
000070,2014-02-28,71500,73500,71200,73300,9812
000070,2014-03-03,72300,73000,71800,71800,6759
000070,2014-03-04,71800,72800,71200,72600,6785
000070,2014-03-05,72900,73200,71900,72400,4555
000070,2014-03-06,72100,72500,72000,72300,2594
000070,2014-03-07,72100,72500,71000,71100,7184
000070,2014-03-10,71200,71500,69100,69200,10592
000070,2014-03-11,69200,69900,68700,68800,6737
000070,2014-03-12,68700,69300,67400,68100,13129
000070,2014-03-13,68200,69800,68000,68300,10182
000070,2014-03-14,68300,68900,67100,67900,5693
000070,2014-03-17,67600,68300,66500,67500,6563
000070,2014-03-18,67500,68000,67100,67500,4516
000070,2014-03-19,67500,67500,66900,67100,5289
000070,2014-03-20,67600,67700,65900,66300,7304
000070,2014-03-21,66400,67900,66100,67100,5981
000070,2014-03-24,67100,69200,66500,68500,6471
000070,2014-03-25,68800,69400,68100,68800,5502
000070,2014-03-26,68800,71300,68800,70800,12368
000070,2014-03-27,70700,71500,69400,71300,11279
000070,2014-03-28,71300,72800,70500,72100,10097
000070,2014-03-31,71200,71900,71100,71400,6360
000070,2014-04-01,70900,71600,70000,70200,8496
000070,2014-04-02,70200,71500,70200,70400,4106
000070,2014-04-03,70000,71100,69900,69900,3532
000070,2014-04-04,70400,70800,69500,70500,3487
000070,2014-04-07,70900,72100,70500,71300,5657
000070,2014-04-08,71300,72600,71100,72300,5119
000070,2014-04-09,72400,72700,71800,72200,5914
000070,2014-04-10,72100,74100,71600,73500,7368
000070,2014-04-11,73100,74400,73100,73700,7357
000070,2014-04-14,73300,73900,72700,72800,3654
000070,2014-04-15,72500,72900,71500,72000,7597
000070,2014-04-16,71400,71700,70700,71100,8103
000070,2014-04-17,71100,72200,71000,72200,5206
000070,2014-04-18,72200,73400,72200,73300,4965
000070,2014-04-21,72900,73800,72600,73200,1738
000070,2014-04-22,73000,73500,72400,73300,2940
000070,2014-04-23,72900,73400,72500,73000,3158
000070,2014-04-24,72700,73000,71800,72100,4255
000070,2014-04-25,71600,73900,71600,72400,6345
000070,2014-04-28,72200,72900,71900,72300,3341
000070,2014-04-29,72600,72800,71900,72600,4206
000070,2014-04-30,72200,72600,72000,72000,1564
000070,2014-05-02,71700,72300,71000,71900,3600
000070,2014-05-07,71400,71800,69800,69800,7098
000070,2014-05-08,70200,70300,68400,68500,8182
000070,2014-05-09,68500,70900,68500,70200,7792
000070,2014-05-12,70300,70400,68900,68900,6221
000070,2014-05-13,69000,69800,68700,69300,6104
000070,2014-05-14,69100,70400,68900,69800,5990
000070,2014-05-15,70100,71200,69800,70400,3353
000070,2014-05-16,70500,70900,69500,69500,5136
000070,2014-05-19,69100,70900,69100,69600,7590
000070,2014-05-20,70000,70700,69300,69500,4491
000070,2014-05-21,69500,70200,69300,69400,2943
000070,2014-05-22,69300,70600,69300,70100,5280
000070,2014-05-23,70500,70800,69800,69900,3920
000070,2014-05-26,70000,71500,69900,71500,8289
000070,2014-05-27,72000,72000,69900,69900,9881
000070,2014-05-28,69700,71400,69100,71400,8437
000070,2014-05-29,71200,72300,70700,72300,9262
000070,2014-05-30,71700,73000,71500,72400,14979
000070,2014-06-02,73100,74300,72400,74100,11494
000070,2014-06-03,74000,74000,72400,72900,8432
000070,2014-06-05,72500,72900,71600,71600,5785
000070,2014-06-09,71400,71500,70300,71000,10922
000070,2014-06-10,71000,71500,70700,71100,4079
000070,2014-06-11,71500,71700,70700,70700,5820
000070,2014-06-12,70500,70600,69100,69200,15266
000070,2014-06-13,69000,69600,68400,68400,7300
000070,2014-06-16,68400,69300,68400,69200,3483
000070,2014-06-17,69300,69400,67500,67800,7593
000070,2014-06-18,67800,68200,66800,67300,8035
000070,2014-06-19,67300,68200,67300,68200,5373
000070,2014-06-20,68000,68900,68000,68900,3306
000070,2014-06-23,68500,69300,68500,69100,3915
000070,2014-06-24,68800,69200,68700,68900,1995
000070,2014-06-25,68600,69000,67100,67800,7486
000070,2014-06-26,67600,68700,67600,68100,3881
000070,2014-06-27,68500,68800,67900,68400,990
000070,2014-06-30,68500,68900,67800,68300,1473
000070,2014-07-01,67700,69000,67700,68300,2255
000070,2014-07-02,68300,70000,68300,69400,6437
000070,2014-07-03,69600,72600,69600,72100,17344
000070,2014-07-04,72200,76800,72200,76600,27921
000070,2014-07-07,77300,78700,77100,78400,25090
000070,2014-07-08,78500,79000,75700,77900,17462
000070,2014-07-09,77200,78400,76500,77000,13094
000070,2014-07-10,77000,80100,77000,78900,15649
000070,2014-07-11,78100,79300,77600,79000,3779
000070,2014-07-14,79300,79400,77600,78500,4177
000070,2014-07-15,78200,79500,76000,76300,8905
000070,2014-07-16,75800,77400,75400,76300,6955
000070,2014-07-17,75600,76500,75500,75700,10077
000070,2014-07-18,75500,76200,75100,75800,3944
000070,2014-07-21,77700,77700,76300,76900,6834
000070,2014-07-22,76400,77300,76200,77200,5600
000070,2014-07-23,76900,77300,75800,76500,5704
000070,2014-07-24,76200,77100,75500,75700,4480
000070,2014-07-25,75300,75800,74300,75000,6915
000070,2014-07-28,74900,77000,74800,75500,4042
000070,2014-07-29,76400,76800,75300,75300,5132
000070,2014-07-30,76300,76400,74900,75600,9225
000070,2014-07-31,76000,76900,75400,76900,8428
000070,2014-08-01,77000,77900,76900,77700,9423
000070,2014-08-04,79000,81500,78000,80400,20508
000070,2014-08-05,80300,80500,79300,80300,205523
000070,2014-08-06,80400,80400,77700,77800,8516
000070,2014-08-07,77400,78300,75600,78100,17773
000070,2014-08-08,78100,78500,77200,77600,7807
000070,2014-08-11,77200,78200,76200,76200,6700
000070,2014-08-12,77600,81700,77400,79900,29588
000070,2014-08-13,79900,82200,78200,80500,25311
000070,2014-08-14,79700,81200,78700,79900,19095
000070,2014-08-18,80500,83900,80000,82800,28004
000070,2014-08-19,83900,83900,82000,83200,12009
000070,2014-08-20,83200,85900,82300,84400,22195
000070,2014-08-21,85000,85000,81700,83100,16382
000070,2014-08-22,83200,86500,81000,83200,22957
000070,2014-08-25,84400,85600,82500,83200,16073
000070,2014-08-26,83200,83600,81600,83100,14728
000070,2014-08-27,83600,85000,82500,84300,18581
000070,2014-08-28,84000,84800,82800,83400,8881
000070,2014-08-29,83400,83600,81700,83600,8956
000070,2014-09-01,83000,84500,82100,84100,8914
000070,2014-09-02,83900,85900,82800,84200,17583
000070,2014-09-03,83100,85000,81700,83000,17055
000070,2014-09-04,83100,83300,81500,83100,10163
000070,2014-09-05,83000,83300,81300,82600,11879
000070,2014-09-11,82900,84400,81800,83900,15139
000070,2014-09-12,84300,84600,82600,82900,8608
000070,2014-09-15,82900,82900,82000,82300,5964
000070,2014-09-16,82300,83800,81900,83800,8936
000070,2014-09-17,87000,90000,85400,85700,20540
000070,2014-09-18,85000,87700,84800,86800,18575
000070,2014-09-19,87900,87900,86100,87600,7054
000070,2014-09-22,86500,88700,86500,88300,10289
000070,2014-09-23,88400,88800,85600,88200,10612
000070,2014-09-24,88200,89500,87300,89200,11495
000070,2014-09-25,89300,90700,88600,90400,16788
000070,2014-09-26,90800,91500,89300,91200,9837
000070,2014-09-29,90300,91500,88700,89400,7587
000070,2014-09-30,88500,90300,87000,87000,10059
000070,2014-10-01,87100,88900,87000,87800,5698
000070,2014-10-02,87700,90100,85200,89900,12208
000070,2014-10-06,90900,90900,88500,90100,10874
000070,2014-10-07,90300,91300,89400,91000,12747
000070,2014-10-08,90900,91100,89900,91100,5962
000070,2014-10-10,91800,91800,90100,91200,7977
000070,2014-10-13,91100,91100,88600,88800,7751
000070,2014-10-14,89700,89700,88100,88900,5362
000070,2014-10-15,89000,90300,89000,89500,5454
000070,2014-10-16,89800,91000,87400,91000,6315
000070,2014-10-17,92500,92500,90800,91200,8738
000070,2014-10-20,91900,91900,90300,90400,5635
000070,2014-10-21,90100,91400,88900,89000,7209
000070,2014-10-22,88800,90300,88700,89000,8480
000070,2014-10-23,88400,91800,88300,91200,9298
000070,2014-10-24,91300,91500,88000,90500,11210
000070,2014-10-27,91400,91400,88900,89000,2451
000070,2014-10-28,89000,89300,86700,88900,6264
000070,2014-10-29,88900,89900,87800,89500,5741
000070,2014-10-30,88700,90300,88100,89600,6078
000070,2014-10-31,88700,90100,88000,89000,7898
000070,2014-11-03,88200,91800,88200,91600,13857
000070,2014-11-04,91600,94000,90700,92300,11693
000070,2014-11-05,92900,93000,91100,91500,6468
000070,2014-11-06,90700,92200,89300,91300,7254
000070,2014-11-07,90200,92000,87200,87200,7380
000070,2014-11-10,87200,88300,83000,83200,14015
000070,2014-11-11,82900,85900,82900,84200,3766
000070,2014-11-12,83200,85200,83200,84200,5679
000070,2014-11-13,84700,86700,83600,86400,3663
000070,2014-11-14,86400,86400,84300,85100,3697
000070,2014-11-17,85100,87700,84300,87200,7541
000070,2014-11-18,87400,89300,86300,88500,4179
000070,2014-11-19,87400,89400,86600,88900,5453
000070,2014-11-20,87700,90400,87700,89800,6101
000070,2014-11-21,90500,91000,88500,90700,5611
000070,2014-11-24,89800,91700,88100,89900,5622
000070,2014-11-25,90700,91000,89900,91000,5765
000070,2014-11-26,91000,92700,88500,89000,6583
000070,2014-11-27,88700,89600,86000,89100,4266
000070,2014-11-28,87500,90200,87300,88800,2700
000070,2014-12-01,86700,88300,85900,87100,3756
000070,2014-12-02,86200,88700,84300,88000,6833
000070,2014-12-03,86700,88000,86200,86800,3181
000070,2014-12-04,85900,90100,85800,89700,7832
000070,2014-12-05,88300,90600,88300,90500,5109
000070,2014-12-08,88300,91900,88300,91500,5001
000070,2014-12-09,91500,91600,89900,90200,3609
000070,2014-12-10,89100,90500,88200,89500,7272
000070,2014-12-11,88700,92000,88600,88600,9576
000070,2014-12-12,88800,91400,88700,90300,6841
000070,2014-12-15,90300,90400,89100,89500,2521
000070,2014-12-16,89500,90200,88000,88900,3780
000070,2014-12-17,90000,90500,88100,89500,3892
000070,2014-12-18,91000,91000,88300,88600,6610
000070,2014-12-19,88800,89700,86100,86800,7714
000070,2014-12-22,87400,87400,85000,86600,7657
000070,2014-12-23,87200,88000,85500,87300,6863
000070,2014-12-24,86800,90300,86800,90200,4412
000070,2014-12-26,89600,92300,89600,90900,7987
000070,2014-12-29,90800,91900,89200,90600,2891
000070,2014-12-30,89800,91600,89000,89700,5325
000070,2015-01-02,87800,90300,87500,89800,6173
000070,2015-01-05,88300,89300,86000,88700,12398
000070,2015-01-06,87300,89900,86200,89500,7836
000070,2015-01-07,88600,90400,86500,88100,13214
000070,2015-01-08,87000,88200,86500,86600,3987
000070,2015-01-09,87000,88400,86700,87800,2357
000070,2015-01-12,87000,89400,86600,88800,4486
000070,2015-01-13,87700,89500,87700,88800,4787
000070,2015-01-14,88100,89700,87700,89000,7061
000070,2015-01-15,88100,89000,87600,88900,2488
000070,2015-01-16,88200,88600,86600,87200,3380
000070,2015-01-19,87200,88000,85700,87700,4984
000070,2015-01-20,87700,89500,87700,89000,6413
000070,2015-01-21,87700,89500,87100,88100,4650
000070,2015-01-22,88300,88700,87200,88200,3992
000070,2015-01-23,87700,90000,87700,89500,4551
000070,2015-01-26,89500,90100,89000,89500,1183
000070,2015-01-27,89600,91500,88300,90000,5280
000070,2015-01-28,91200,99000,90100,95100,14871
000070,2015-01-29,95500,95600,92200,92400,7329
000070,2015-01-30,92600,96800,92500,94600,10273
000070,2015-02-02,93400,93900,92400,92500,7180
000070,2015-02-03,92300,94600,91500,93400,5227
000070,2015-02-04,92700,95400,92700,93500,5557
000070,2015-02-05,93500,95800,93500,94900,5799
000070,2015-02-06,94200,95500,93300,94300,5453
000070,2015-02-09,94300,94900,93000,93700,5130
000070,2015-02-10,93800,94000,91700,93200,6779
000070,2015-02-11,93800,94600,91800,92000,4982
000070,2015-02-12,93000,93000,89600,89700,4291
000070,2015-02-13,88600,92100,88600,91600,3982
000070,2015-02-16,90700,93000,90700,92200,1174
000070,2015-02-17,92300,92800,90000,92800,4242
000070,2015-02-23,93400,93400,91600,92400,3077
000070,2015-02-24,91700,93000,90900,91100,1866
000070,2015-02-25,92100,92400,90900,91500,5209
000070,2015-02-26,92300,92500,90300,90900,6365
000070,2015-02-27,90400,91300,89000,90400,7886
000070,2015-03-02,89500,89800,88200,88400,6912
000070,2015-03-03,88200,89400,87700,88400,4988
000070,2015-03-04,88200,88900,86900,86900,8647
000070,2015-03-05,86500,87200,86400,87000,3149
000070,2015-03-06,86700,87400,86200,86200,5078
000070,2015-03-09,85900,86800,83500,83700,11625
000070,2015-03-10,83600,84800,83000,84500,7876
000070,2015-03-11,84400,84700,82300,84000,9405
000070,2015-03-12,83200,84300,82300,82600,11493
000070,2015-03-13,83200,85900,82400,85400,5767
000070,2015-03-16,85400,87000,84500,86700,6153
000070,2015-03-17,85900,87900,85100,87500,7616
000070,2015-03-18,87500,88000,86300,87600,7178
000070,2015-03-19,87100,88500,86700,88100,6877
000070,2015-03-20,88000,88200,87200,87600,6240
000070,2015-03-23,87600,94800,87600,91900,19734
000070,2015-03-24,92000,92000,89800,91600,5159
000070,2015-03-25,90500,93500,90500,92300,6692
000070,2015-03-26,92300,93300,91200,93000,9460
000070,2015-03-27,92500,93000,91600,92600,5873
000070,2015-03-30,92600,93300,91500,92900,4505
000070,2015-03-31,92000,93000,90900,92000,6960
000070,2015-04-01,91500,92400,90900,91000,4249
000070,2015-04-02,89800,91300,89700,91000,4879
000070,2015-04-03,92000,92000,90000,91000,2615
000070,2015-04-06,91100,91100,90100,90600,4269
000070,2015-04-07,90200,91000,90000,90900,4343
000070,2015-04-08,90400,93200,90200,93000,15119
000070,2015-04-09,93100,94500,91600,93000,29944
000070,2015-04-10,93200,97300,92300,96800,20475
000070,2015-04-13,96800,98000,95600,96900,8493
000070,2015-04-14,97500,104000,97000,100500,27429
000070,2015-04-15,99600,113000,99400,108500,37710
000070,2015-04-16,112000,118500,109000,113500,41476
000070,2015-04-17,116000,128000,116000,119500,74596
000070,2015-04-20,117500,125500,117000,119000,30783
000070,2015-04-21,120000,120000,109500,110500,41391
000070,2015-04-22,110000,112000,103500,108000,33823
000070,2015-04-23,110000,110000,104500,107500,21789
000070,2015-04-24,105000,107500,101500,103500,24519
000070,2015-04-27,104500,106000,102000,105500,17562
000070,2015-04-28,106000,106000,101500,104500,14433
000070,2015-04-29,105000,105000,102000,104000,12011
000070,2015-04-30,103000,104000,99400,102000,20521
000070,2015-05-04,102500,106000,101000,105000,15381
000070,2015-05-06,105000,105000,100500,102000,12257
000070,2015-05-07,101000,106500,99100,104500,18920
000070,2015-05-08,103500,109000,100000,107000,29177
000070,2015-05-11,110000,110000,106000,107000,19076
000070,2015-05-12,107000,109000,104000,108000,12760
000070,2015-05-13,107500,112500,107500,111500,15234
000070,2015-05-14,111500,111500,108500,111000,9761
000070,2015-05-15,111000,112500,108000,108000,13638
000070,2015-05-18,106000,106000,98700,101500,40243
000070,2015-05-19,102000,105000,101000,102500,14453
000070,2015-05-20,102500,108000,101000,106500,14321
000070,2015-05-21,105000,107500,102500,105000,14283
000070,2015-05-22,104000,107500,103000,106500,15370
000070,2015-05-26,106500,108000,104000,108000,12122
000070,2015-05-27,107000,107500,100500,102500,16456
000070,2015-05-28,102500,106500,102500,104000,16162
000070,2015-05-29,103000,108500,102500,108000,13929
000070,2015-06-01,107000,107000,104500,104500,8164
000070,2015-06-02,104000,104500,100000,100000,16194
000070,2015-06-03,100000,102500,99700,100000,8862
000070,2015-06-04,100000,102000,99200,99200,10692
000070,2015-06-05,99200,99700,95700,98500,14540
000070,2015-06-08,98600,98800,96800,98300,5351
000070,2015-06-09,98800,98800,97200,97300,7694
000070,2015-06-10,98300,98800,95800,98100,9652
000070,2015-06-11,97700,110000,97200,106000,37507
000070,2015-06-12,110000,121500,109500,121500,160845
000070,2015-06-15,130000,157500,128500,157500,299145
000070,2015-06-16,165000,197000,164500,177000,254460
000070,2015-06-17,175000,197000,169000,187500,149687
000070,2015-06-18,204000,220500,186000,194000,137819
000070,2015-06-19,189500,203500,188000,195000,86718
000070,2015-06-22,192500,201500,187500,191000,44803
000070,2015-06-23,184000,192000,180000,187500,48222
000070,2015-06-24,182500,203000,182500,203000,77214
000070,2015-06-25,200000,235000,195000,219000,88636
000070,2015-06-26,219000,234000,211500,222500,49313
000070,2015-06-29,216000,240000,211000,229000,92062
000070,2015-06-30,236000,237000,220000,233000,50200
000070,2015-07-01,231000,236500,223000,223000,51140
000070,2015-07-02,223000,237500,216000,230500,52921
000070,2015-07-03,235000,257500,232500,249500,79054
000070,2015-07-06,244500,254000,240000,244500,45735
000070,2015-07-07,260000,285000,219000,239000,251823
000070,2015-07-08,241000,280000,232500,280000,255426
000070,2015-07-09,272000,306000,268000,300000,217248
000070,2015-07-10,296000,305000,281500,285000,93455
000070,2015-07-13,285000,287000,260500,280000,101120
000070,2015-07-14,289000,298000,273500,279500,62594
000070,2015-07-15,274000,285500,263500,276000,66628
000070,2015-07-16,277000,277000,253000,262000,107763
000070,2015-07-17,268000,268000,246500,256000,94155
000070,2015-07-20,256500,261000,244500,255000,80840
000070,2015-07-21,257500,258000,247000,250000,52652
000070,2015-07-22,249500,252500,229500,238000,96896
000070,2015-07-23,241500,250500,235000,246500,108652
000070,2015-07-24,247500,275000,243000,270000,93379
000070,2015-07-27,265000,265000,205500,225500,189626
000070,2015-07-28,216000,230500,207000,227000,102822
000070,2015-07-29,232000,237500,184500,189000,201318
000070,2015-07-30,189000,197000,171000,179000,208132
000070,2015-07-31,182500,193000,176000,191500,146380
000070,2015-08-03,192000,196500,185000,189500,55036
000070,2015-08-04,187000,202500,185500,199000,69019
000070,2015-08-05,199500,210000,194500,206500,54134
000070,2015-08-06,208500,225500,205000,224000,164444
000070,2015-08-07,215500,224000,210500,222500,79456
000070,2015-08-10,222000,231500,215000,226500,61829
000070,2015-08-11,230000,230500,204500,223500,69469
000070,2015-08-12,220000,220000,187000,209500,82674
000070,2015-08-13,208000,219000,202000,218000,49094
000070,2015-08-17,218000,223000,212500,217000,29217
000070,2015-08-18,214500,215500,198500,200000,44553
000070,2015-08-19,197500,202500,187000,199000,59790
000070,2015-08-20,191000,209000,191000,201000,35286
000070,2015-08-21,190000,199000,182000,196500,65537
000070,2015-08-24,190000,202500,179500,180000,61610
000070,2015-08-25,184000,188500,174500,185000,68002
000070,2015-08-26,178500,190500,178500,189000,67551
000070,2015-08-27,190000,193500,177500,183500,73036
000070,2015-08-28,188500,189000,180500,180500,42734
000070,2015-08-31,180500,184500,177000,179000,31969
000070,2015-09-01,179500,187000,160500,162500,96338
000070,2015-09-02,158500,165500,156500,163000,80361
000070,2015-09-03,166500,169000,159000,160500,51663
000070,2015-09-04,160000,161500,134000,136000,174851
000070,2015-09-07,138000,141000,132500,135000,98093
000070,2015-09-08,136000,138500,127000,129000,99061
000070,2015-09-09,133500,144500,132500,142000,160946
000070,2015-09-10,139000,145500,136500,145500,76480
000070,2015-09-11,143000,150000,141500,147000,70108
000070,2015-09-14,150000,152500,145000,148000,76298
000070,2015-09-15,144500,150500,142000,148000,37193
000070,2015-09-16,150000,155000,149000,154000,44226
000070,2015-09-17,155000,155000,147500,149500,28731
000070,2015-09-18,151500,165000,146500,164500,84123
000070,2015-09-21,160000,161500,155000,158500,37975
000070,2015-09-22,157500,162500,154000,159500,34702
000070,2015-09-23,154500,157000,140000,143000,98427
000070,2015-09-24,144000,147500,142000,146500,26478
000070,2015-09-25,147000,148000,139500,142500,37217
000070,2015-09-30,137500,137500,129500,135500,102192
000070,2015-10-01,136500,143000,136000,140500,35650
000070,2015-10-02,141500,144500,137500,142000,27330
000070,2015-10-05,151000,156000,148500,150500,60167
000070,2015-10-06,154000,154000,147000,147000,30298
000070,2015-10-07,149000,158000,148500,158000,101789
000070,2015-10-08,158000,159500,152500,159500,35691
000070,2015-10-12,161500,161500,150500,151000,41560
000070,2015-10-13,151500,156500,150500,153500,36575
000070,2015-10-14,153500,155000,148500,148500,32269
000070,2015-10-15,148000,156000,148000,155000,26591
000070,2015-10-16,155500,161500,155500,161000,41360
000070,2015-10-19,162000,163000,157500,160500,26483
000070,2015-10-20,160500,163500,158000,163500,26181
000070,2015-10-21,165500,169000,164000,165500,43474
000070,2015-10-22,163500,164000,155000,158000,43232
000070,2015-10-23,160000,161500,156000,160500,22033
000070,2015-10-26,162500,167000,159500,164500,33782
000070,2015-10-27,163000,165000,161000,162500,15796
000070,2015-10-28,163000,164500,160000,163000,9650
000070,2015-10-29,163500,163500,157000,160500,29318
000070,2015-10-30,161000,161000,156500,160500,34214
000070,2015-11-02,162500,162500,155500,156000,16129
000070,2015-11-03,159500,159500,154500,156000,26515
000070,2015-11-04,155000,156500,150500,152000,30845
000070,2015-11-05,152000,157500,151500,153500,24532
000070,2015-11-06,158000,164500,156000,159000,67126
000070,2015-11-09,159000,159000,149000,149500,39940
000070,2015-11-10,146500,146500,138000,142500,29018
000070,2015-11-11,140500,145500,140500,141500,16133
000070,2015-11-12,141000,144500,139500,142000,18029
000070,2015-11-13,138500,140000,133000,135000,40206
000070,2015-11-16,130000,135500,130000,133000,36457
000070,2015-11-17,140000,152000,138500,147000,64874
000070,2015-11-18,147000,150000,145000,148000,18308
000070,2015-11-19,148500,152000,146000,150000,19108
000070,2015-11-20,149500,155000,149500,152000,15265
000070,2015-11-23,154500,158000,152500,157500,23603
000070,2015-11-24,159000,163000,157000,160500,45773
000070,2015-11-25,161500,161500,156500,159500,16742
000070,2015-11-26,160500,168500,160500,168000,39233
000070,2015-11-27,167000,169500,162500,165000,19453
000070,2015-11-30,163500,164500,155500,159000,34917
000070,2015-12-01,159500,161000,156000,159000,14972
000070,2015-12-02,159500,161000,155500,155500,16593
000070,2015-12-03,155500,157000,152500,155500,11939
000070,2015-12-04,154000,156000,152500,153500,11751
000070,2015-12-07,155000,156000,149000,149000,15560
000070,2015-12-08,146500,151000,143500,145000,16670
000070,2015-12-09,147000,148000,143500,143500,11998
000070,2015-12-10,142500,147500,142500,147000,13811
000070,2015-12-11,146500,148500,141500,141500,14258
000070,2015-12-14,140000,143500,136000,139500,16612
000070,2015-12-15,140500,143500,138500,140000,10080
000070,2015-12-16,142000,149500,141000,147000,19207
000070,2015-12-17,148500,150500,146000,147000,11003
000070,2015-12-18,146500,150000,145000,148500,16239
000070,2015-12-21,147500,150500,146500,148500,13698
000070,2015-12-22,148000,149000,143000,144000,21293
000070,2015-12-23,144000,148000,141000,146000,22207
000070,2015-12-24,146000,148500,145500,146500,11516
000070,2015-12-28,146500,148500,145500,147500,13168
000070,2015-12-29,146000,156500,146000,155500,23034
000070,2015-12-30,155000,159500,153500,159000,23608
000070,2016-01-04,156500,158000,151000,151500,18848
000070,2016-01-05,150000,152000,146500,148000,26028
000070,2016-01-06,148000,171500,148000,168000,113342
000070,2016-01-07,168500,171500,162000,164500,35893
000070,2016-01-08,161500,179500,160500,178500,91424
000070,2016-01-11,177500,183000,170000,171500,58888
000070,2016-01-12,171500,175000,164000,168000,60053
000070,2016-01-13,167000,173500,167000,173500,33161
000070,2016-01-14,170000,175000,160000,168000,78548
000070,2016-01-15,170000,171500,164000,167000,31265
000070,2016-01-18,166000,172000,165500,171000,34371
000070,2016-01-19,172000,172000,165500,171500,20673
000070,2016-01-20,172000,173000,159500,163000,48072
000070,2016-01-21,161500,164000,155000,160500,25705
000070,2016-01-22,160000,166000,160000,165500,22142
000070,2016-01-25,168000,168500,165000,168000,12708
000070,2016-01-26,166000,167500,163500,165000,9743
000070,2016-01-27,167000,167000,160500,162500,21540
000070,2016-01-28,160500,168000,159000,164500,24830
000070,2016-01-29,168500,178500,166500,175000,82522
000070,2016-02-01,178500,184500,175000,183000,57176
000070,2016-02-02,182000,188000,179000,183000,32653
000070,2016-02-03,181500,181500,172000,177000,28579
000070,2016-02-04,180500,181500,174000,179500,26774
000070,2016-02-05,180000,182000,175000,178000,16837
000070,2016-02-11,172000,175000,168000,169500,27101
000070,2016-02-12,169000,169000,143500,147500,89640
000070,2016-02-15,153000,154000,148000,151500,40418
000070,2016-02-16,153000,158500,153000,156500,23909
000070,2016-02-17,155000,158000,149500,154500,33336
000070,2016-02-18,157500,161500,155500,159500,24450
000070,2016-02-19,160500,160500,156500,158000,15753
000070,2016-02-22,157500,161000,156500,158500,16513
000070,2016-02-23,163000,164000,158000,159000,31121
000070,2016-02-24,158500,171500,158500,171500,69780
000070,2016-02-25,170000,176000,169500,172000,38116
000070,2016-02-26,173500,179500,173500,178000,39824
000070,2016-02-29,178000,183000,175500,177000,33440
000070,2016-03-02,180000,182000,176000,179000,28844
000070,2016-03-03,179500,180000,173500,178000,28672
000070,2016-03-04,178500,181500,174000,175000,25877
000070,2016-03-07,172500,182000,172000,180000,31881
000070,2016-03-08,178500,181500,175000,178500,17054
000070,2016-03-09,178500,184000,177000,183000,24104
000070,2016-03-10,182000,187000,181000,187000,31420
000070,2016-03-11,187000,189000,183500,188500,32122
000070,2016-03-14,188500,191500,184500,191000,38567
000070,2016-03-15,193000,194500,187000,188500,18922
000070,2016-03-16,187000,188000,180500,185000,27091
000070,2016-03-17,185000,187500,181000,184000,16591
000070,2016-03-18,182500,185000,178500,180000,25751
000070,2016-03-21,179500,182500,176000,176500,16182
000070,2016-03-22,176500,179500,174000,177000,11433
000070,2016-03-23,175500,176000,162000,163000,68298
000070,2016-03-24,164000,165000,159000,161000,29094
000070,2016-03-25,160500,164000,160500,161500,25425
000070,2016-03-28,162500,162500,157500,159000,31000
000070,2016-03-29,159000,159000,151500,158000,41565
000070,2016-03-30,158000,158500,153000,154000,31825
000070,2016-03-31,154000,159500,154000,157500,31395
000070,2016-04-01,158000,159500,156000,157500,16928
000070,2016-04-04,158000,160500,156000,157500,18871
000070,2016-04-05,157000,160000,154000,160000,22142
000070,2016-04-06,158000,167500,158000,166500,49405
000070,2016-04-07,166500,170500,164500,168000,29471
000070,2016-04-08,165500,168000,162000,165500,21240
000070,2016-04-11,166000,166000,160500,161000,12879
000070,2016-04-12,160000,161000,158500,159500,11054
000070,2016-04-14,158500,162500,158500,162500,15277
000070,2016-04-15,160500,164000,160500,162500,10617
000070,2016-04-18,161500,163000,160000,163000,9909
000070,2016-04-19,163000,163500,161000,163000,11208
000070,2016-04-20,164000,170000,163500,167000,27214
000070,2016-04-21,167000,167500,161500,164000,17175
000070,2016-04-22,163000,165500,156500,162500,16508
000070,2016-04-25,160500,162000,159000,159000,15488
000070,2016-04-26,160000,161500,158000,159000,13699
000070,2016-04-27,159000,161500,158500,160500,10950
000070,2016-04-28,160500,166500,160500,163000,18386
000070,2016-04-29,162500,165000,159500,163000,15582
000070,2016-05-02,163000,164000,158500,159000,10641
000070,2016-05-03,161000,161000,155500,157500,18080
000070,2016-05-04,156500,159500,153500,155000,19258
000070,2016-05-09,156000,156500,152500,156500,6829
000070,2016-05-10,157000,158500,155500,158000,6902
000070,2016-05-11,158000,158500,153000,154000,18194
000070,2016-05-12,154000,156500,152000,155500,13427
000070,2016-05-13,154000,156000,153000,154500,6155
000070,2016-05-16,153000,159500,153000,157000,11018
000070,2016-05-17,158500,163000,156000,159000,29549
000070,2016-05-18,161500,161500,157500,157500,13652
000070,2016-05-19,157500,158500,156500,157000,10447
000070,2016-05-20,158500,158500,155000,155500,9390
000070,2016-05-23,154000,154500,150500,151000,19462
000070,2016-05-24,150000,152000,142500,143000,33587
000070,2016-05-25,145000,151500,143500,149500,25365
000070,2016-05-26,149000,149500,142500,144000,19182
000070,2016-05-27,144000,146000,143500,144500,8217
000070,2016-05-30,144500,146000,142000,145000,8520
000070,2016-05-31,144000,149000,144000,147000,12303
000070,2016-06-01,146000,150500,145500,150000,14259
000070,2016-06-02,148500,150000,147000,148500,11478
000070,2016-06-03,148500,149500,146000,149000,10929
000070,2016-06-07,151000,158000,149500,156000,25406
000070,2016-06-08,154000,158000,153500,156500,12452
000070,2016-06-09,155500,159000,154500,159000,19580
000070,2016-06-10,158500,159000,156500,159000,13955
000070,2016-06-13,158500,161000,154500,156500,18998
000070,2016-06-14,156000,158000,153000,153000,15998
000070,2016-06-15,153000,155500,153000,153000,7377
000070,2016-06-16,153000,154500,149000,150500,8114
000070,2016-06-17,150500,152500,148000,149500,9613
000070,2016-06-20,152000,154000,151000,153500,8512
000070,2016-06-21,152000,154500,151500,152500,4968
000070,2016-06-22,153500,154000,151000,153500,7400
000070,2016-06-23,152500,154000,151000,151500,6751
000070,2016-06-24,152500,153500,142000,147500,27520
000070,2016-06-27,147000,150000,144000,149000,11957
000070,2016-06-28,148500,151000,146000,150500,9611
000070,2016-06-29,150000,152000,148000,148000,20254
000070,2016-06-30,148500,150000,146500,146500,12531
000070,2016-07-01,147000,148500,145000,145500,31995
000070,2016-07-04,145500,146000,143500,144000,11634
000070,2016-07-05,143500,145000,140500,141500,27519
000070,2016-07-06,142000,142500,137500,137500,18555
000070,2016-07-07,140000,142000,138000,142000,19994
000070,2016-07-08,140500,142000,137000,140500,21506
000070,2016-07-11,143500,143500,137500,138000,18258
000070,2016-07-12,139000,139000,135000,135500,25914
000070,2016-07-13,136500,138000,133500,133500,24139
000070,2016-07-14,135500,135500,133000,134000,11936
000070,2016-07-15,135000,136500,131500,132000,18735
000070,2016-07-18,132500,135500,131500,132500,13727
000070,2016-07-19,134000,134500,129500,130000,25847
000070,2016-07-20,130000,132000,129000,131000,13318
000070,2016-07-21,131500,134000,129500,133000,16906
000070,2016-07-22,132500,133500,132000,133000,12451
000070,2016-07-25,134000,134500,132500,133000,24104
000070,2016-07-26,133000,134500,129500,132000,18389
000070,2016-07-27,132000,133000,127500,128000,25804
000070,2016-07-28,128000,129000,122500,124500,35327
000070,2016-07-29,124500,126000,119500,120500,45955
000070,2016-08-01,120500,121500,117000,118000,22288
000070,2016-08-02,117500,122500,117500,121500,18670
000070,2016-08-03,120000,124000,120000,123000,18103
000070,2016-08-04,124000,129000,123000,125000,30346
000070,2016-08-05,126500,126500,122000,122500,15653
000070,2016-08-08,122500,127000,122500,126500,15597
000070,2016-08-09,126500,128500,125500,126000,14222
000070,2016-08-10,125000,128500,125000,128000,14531
000070,2016-08-11,127500,129000,125500,128000,14302
000070,2016-08-12,128000,129000,126000,127500,18008
000070,2016-08-16,127000,128500,126000,126000,9969
000070,2016-08-17,127000,127500,125000,126000,15768
000070,2016-08-18,126500,128000,125500,126000,21389
000070,2016-08-19,126000,126000,119500,120500,25300
000070,2016-08-22,120500,121000,118000,119500,22466
000070,2016-08-23,118500,122500,118500,120500,25411
000070,2016-08-24,119500,122000,119000,119500,15925
000070,2016-08-25,120000,123000,119000,120500,15527
000070,2016-08-26,120000,121500,119500,120000,8023
000070,2016-08-29,120000,121500,119000,119000,13475
000070,2016-08-30,118500,120500,116500,118000,13835
000070,2016-08-31,118000,121000,118000,120000,16111
000070,2016-09-01,120500,120500,116000,117500,14793
000070,2016-09-02,118500,119500,116000,118000,19893
000070,2016-09-05,117500,127000,117500,120000,33232
000070,2016-09-06,120000,122500,118000,120000,23149
000070,2016-09-07,120000,121000,118000,118000,12515
000070,2016-09-08,119500,125000,118000,122500,27269
000070,2016-09-09,122000,123500,119000,123000,17672
000070,2016-09-12,122500,124000,120500,122500,16357
000070,2016-09-13,124000,124500,121000,123500,16864
000070,2016-09-19,122000,127000,122000,126500,18226
000070,2016-09-20,125500,126500,123000,126000,16036
000070,2016-09-21,124500,128000,124500,127500,11588
000070,2016-09-22,128500,130000,127500,129000,13907
000070,2016-09-23,130500,132500,129500,131500,16306
000070,2016-09-26,131500,133000,130000,132500,13169
000070,2016-09-27,132500,134500,130500,133500,9848
000070,2016-09-28,134000,135500,132500,135000,12524
000070,2016-09-29,135000,136000,133500,135000,11004
000070,2016-09-30,134000,135500,131500,135500,16638
000070,2016-10-04,134500,135000,131500,131500,12712
000070,2016-10-05,131500,131500,129000,131500,14300
000070,2016-10-06,131000,132500,127000,128500,15826
000070,2016-10-07,127000,128500,123000,124500,19192
000070,2016-10-10,126000,134000,125500,134000,26673
000070,2016-10-11,134500,136500,133000,135000,14265
000070,2016-10-12,135500,138000,134500,135000,17218
000070,2016-10-13,133500,134000,130500,130500,11970
000070,2016-10-14,130500,133000,129500,130500,7903
000070,2016-10-17,132500,132500,129000,130500,8424
000070,2016-10-18,130500,132000,129500,131500,6943
000070,2016-10-19,130500,131500,128500,128500,7563
000070,2016-10-20,128500,130000,127500,129500,7004
000070,2016-10-21,130000,130000,126500,127000,8162
000070,2016-10-24,126500,128500,126500,127000,6409
000070,2016-10-25,127500,129500,126500,128000,5389
000070,2016-10-26,127000,127500,125000,127500,5857
000070,2016-10-27,128500,128500,124500,125000,10924
000070,2016-10-28,125000,126000,124000,124500,6356
000070,2016-10-31,123500,126500,123000,125000,6275
000070,2016-11-01,123000,124500,120500,123000,11770
000070,2016-11-02,122000,122000,119000,119500,11711
000070,2016-11-03,118000,123500,118000,122000,7099
000070,2016-11-04,123000,123000,120000,120500,6262
000070,2016-11-07,123500,128500,121500,128500,14705
000070,2016-11-08,128000,128000,124000,126000,9206
000070,2016-11-09,127000,127500,116000,122000,23018
000070,2016-11-10,125000,127000,122500,126000,17754
000070,2016-11-11,126000,131500,125000,131000,11207
000070,2016-11-14,132000,133500,129000,133500,9925
000070,2016-11-15,133500,133500,130000,133000,9680
000070,2016-11-16,133000,134000,132000,133000,10953
000070,2016-11-17,133000,134500,132500,133500,8546
000070,2016-11-18,133500,133500,130000,131000,9165
000070,2016-11-21,132500,132500,127000,130000,9047
000070,2016-11-22,130000,130500,127500,128500,7637
000070,2016-11-23,128500,129500,125000,126000,11046
000070,2016-11-24,126000,130000,125000,126000,9954
000070,2016-11-25,125500,127000,123500,125000,8743
000070,2016-11-28,124500,124500,121500,122000,10898
000070,2016-11-29,121000,128500,121000,127000,7967
000070,2016-11-30,126500,127500,122000,122500,11486
000070,2016-12-01,124000,124000,121000,122000,8566
000070,2016-12-02,121000,124000,121000,122000,4702
000070,2016-12-05,121500,123000,120500,122500,4948
000070,2016-12-06,123500,128000,121500,122000,8077
000070,2016-12-07,122500,123500,121000,123000,8219
000070,2016-12-08,122500,124500,122000,124500,7829
000070,2016-12-09,124000,125000,122500,123500,7495
000070,2016-12-12,124500,125000,122000,122000,12733
000070,2016-12-13,121500,123500,121500,122500,8130
000070,2016-12-14,122500,126500,122500,122500,11214
000070,2016-12-15,122500,123500,121500,123000,6048
000070,2016-12-16,122500,124000,121000,121500,14187
000070,2016-12-19,122000,122000,119500,120500,5976
000070,2016-12-20,121000,122000,120000,121000,5035
000070,2016-12-21,121500,124000,121000,123000,12043
000070,2016-12-22,123000,124000,122000,123500,9351
000070,2016-12-23,123000,123500,121000,122500,7026
000070,2016-12-26,122500,122500,121000,122500,4334
000070,2016-12-27,122500,124000,122000,123500,10132
000070,2016-12-28,121500,123000,121000,121500,9525
000070,2016-12-29,121000,121500,119000,119500,11186
000070,2017-01-02,119500,120000,117500,118500,5296
000070,2017-01-03,118500,118500,116000,116500,10439
000070,2017-01-04,116000,116500,114000,115000,15543
000070,2017-01-05,114500,118000,114500,116000,9803
000070,2017-01-06,115000,117500,114000,114500,12765
000070,2017-01-09,114500,114500,112000,113000,10248
000070,2017-01-10,113000,113000,108000,108000,36973
000070,2017-01-11,109000,109500,107500,107500,10202
000070,2017-01-12,107000,108500,106500,108500,10028
000070,2017-01-13,108500,109500,107500,109000,8884
000070,2017-01-16,109000,109500,107500,108000,9787
000070,2017-01-17,108500,109500,107500,108500,5182
000070,2017-01-18,108500,109000,106000,107000,10226
000070,2017-01-19,106500,108000,106000,106500,10514
000070,2017-01-20,107500,108000,106500,108000,5853
000070,2017-01-23,107000,108500,105000,105000,14267
000070,2017-01-24,105500,105500,103500,105500,9683
000070,2017-01-25,106500,106500,103500,104500,10070
000070,2017-01-26,105500,105500,101500,102000,14839
000070,2017-01-31,101500,104000,100000,102500,11096
000070,2017-02-01,102500,106000,102500,105000,9760
000070,2017-02-02,104500,106000,104000,105500,6828
000070,2017-02-03,105500,107500,105000,106000,9709
000070,2017-02-06,107500,110500,105500,109000,14452
000070,2017-02-07,109500,110500,106500,108000,10418
000070,2017-02-08,107000,108000,106000,106000,6554
000070,2017-02-09,106000,107000,105500,106500,7263
000070,2017-02-10,107500,110000,107000,108000,8252
000070,2017-02-13,108000,110000,107000,107500,8792
000070,2017-02-14,109000,109500,107500,109000,7133
000070,2017-02-15,108000,109500,108000,109000,5645
000070,2017-02-16,110000,110000,107500,107500,6166
000070,2017-02-17,107500,108000,106000,106500,5808
000070,2017-02-20,106000,107000,103500,104500,12355
000070,2017-02-21,104500,105500,104000,104000,10374
000070,2017-02-22,104000,106000,104000,104000,10754
000070,2017-02-23,105000,107500,104500,106500,15840
000070,2017-02-24,106500,109500,106000,109000,11101
000070,2017-02-27,109500,112000,109000,112000,15506
000070,2017-02-28,112500,114000,110000,112500,23941
000070,2017-03-02,113000,114500,111500,113500,26476
000070,2017-03-03,113500,114000,110500,111000,16695
000070,2017-03-06,109000,111500,107000,107000,24050
000070,2017-03-07,107500,112000,106000,111500,15884
000070,2017-03-08,111000,114000,109500,113500,16538
000070,2017-03-09,113500,115500,112500,114000,17468
000070,2017-03-10,113500,117000,112500,116000,19809
000070,2017-03-13,114500,117500,114500,115500,15257
000070,2017-03-14,115000,116000,113500,114500,13041
000070,2017-03-15,114500,116500,113000,114500,13674
000070,2017-03-16,117500,119000,115000,118000,15791
000070,2017-03-17,119000,120000,117000,119000,13322
000070,2017-03-20,119500,119500,116500,117500,10008
000070,2017-03-21,117000,119000,115000,117500,11890
000070,2017-03-22,118500,119000,113500,113500,21472
000070,2017-03-23,115000,117500,113000,116500,11173
000070,2017-03-24,117000,123000,116500,122500,24391
000070,2017-03-27,123000,125500,121000,125000,11452
000070,2017-03-28,123500,127500,123000,124500,12906
000070,2017-03-29,124000,124000,121000,122500,6892
000070,2017-03-30,123000,124500,121000,124500,6418
000070,2017-03-31,123500,125000,123000,123500,7232
000070,2017-04-03,124000,126500,123000,126000,11243
000070,2017-04-04,126000,126000,124000,125000,5282
000070,2017-04-05,125000,127000,124000,126000,9875
000070,2017-04-06,125500,126500,123500,126000,8502
000070,2017-04-07,126000,126000,123000,123500,5441
000070,2017-04-10,123500,124000,121500,121500,5455
000070,2017-04-11,119000,123000,119000,120500,6818
000070,2017-04-12,121500,122000,119000,120500,6591
000070,2017-04-13,122000,125000,121500,125000,8712
000070,2017-04-14,124000,126000,124000,124500,5537
000070,2017-04-17,126000,127000,125000,126000,7684
000070,2017-04-18,127500,127500,124500,125500,8392
000070,2017-04-19,125500,126500,125000,126500,12350
000070,2017-04-20,126500,129500,126000,128500,9286
000070,2017-04-21,128500,129000,126000,126500,6374
000070,2017-04-24,125500,126500,124000,124000,7197
000070,2017-04-25,124000,126000,124000,124000,6789
000070,2017-04-26,125500,128500,124500,127000,8856
000070,2017-04-27,128000,129500,126000,128000,7285
000070,2017-04-28,125500,127000,123000,126500,8535
000070,2017-05-02,125000,127500,125000,126000,4639
000070,2017-05-04,125000,127000,124500,126000,7594
000070,2017-05-08,126000,128000,125000,127000,10038
000070,2017-05-10,129000,133500,126000,126000,27656
000070,2017-05-11,128000,130000,127000,130000,13425
000070,2017-05-12,129000,130000,127500,128500,7049
000070,2017-05-15,128500,130000,128000,129000,4077
000070,2017-05-16,128500,129000,126000,128000,9957
000070,2017-05-17,126000,128000,124000,124000,7901
000070,2017-05-18,124000,125500,122500,124000,8813
000070,2017-05-19,123500,126000,123000,123500,9002
000070,2017-05-22,124000,124500,122000,122500,9626
000070,2017-05-23,122000,128500,122000,124500,11735
000070,2017-05-24,125500,129500,125000,129000,10391
000070,2017-05-25,129500,132000,129000,131000,12037
000070,2017-05-26,131000,132500,130000,131000,9923
000070,2017-05-29,131500,132000,129500,131000,9377
000070,2017-05-30,130000,133500,130000,131500,8846
000070,2017-05-31,132000,133500,131000,133500,9657
000070,2017-06-01,133000,134000,131500,131500,7382
000070,2017-06-02,131500,131500,129500,129500,8195
000070,2017-06-05,130500,134000,128500,132500,11491
000070,2017-06-07,132000,134500,131500,133000,14408
000070,2017-06-08,134000,136500,133500,133500,30384
000070,2017-06-09,134000,140000,133000,138500,20850
000070,2017-06-12,138500,140500,135500,136000,11863
000070,2017-06-13,135500,138500,135500,136500,9385
000070,2017-06-14,136000,137000,133500,134500,11451
000070,2017-06-15,134000,135000,131000,131500,10870
000070,2017-06-16,131500,135500,131500,132000,9936
000070,2017-06-19,132000,134500,130000,130500,8062
000070,2017-06-20,130500,130500,124000,124500,16241
000070,2017-06-21,124500,126500,123500,124500,8045
000070,2017-06-22,124000,124500,122000,122500,10486
000070,2017-06-23,122500,125500,122500,124000,7003
000070,2017-06-26,124500,125000,123000,123000,5715
000070,2017-06-27,122500,124000,120500,121500,9770
000070,2017-06-28,122500,124500,120000,123500,8700
000070,2017-06-29,123500,123500,119000,119500,13365
000070,2017-06-30,119000,124500,119000,122500,13583
000070,2017-07-03,122500,124500,121000,121000,6749
000070,2017-07-04,121000,123500,120000,123500,8464
000070,2017-07-05,122000,123500,119500,119500,9149
000070,2017-07-06,119500,120500,117500,118500,11243
000070,2017-07-07,117500,122000,117500,120500,3971
000070,2017-07-10,119500,120500,116500,117500,7579
000070,2017-07-11,117000,118000,114000,114000,9318
000070,2017-07-12,114000,116000,112500,113000,9354
000070,2017-07-13,113500,115000,111500,111500,12995
000070,2017-07-14,112000,113500,111500,113000,6638
000070,2017-07-17,112500,118000,112500,115000,11561
000070,2017-07-18,115500,116500,113500,115000,3437
000070,2017-07-19,117000,117000,114000,114500,10673
000070,2017-07-20,114500,115000,112000,112500,8372
000070,2017-07-21,112500,114000,111500,111500,6813
000070,2017-07-24,112500,113500,111500,112000,4358
000070,2017-07-25,113000,115500,113000,113500,10257
000070,2017-07-26,115000,116000,114000,115000,7049
000070,2017-07-27,115500,116500,113500,115000,7487
000070,2017-07-28,115000,117000,115000,115000,7423
000070,2017-07-31,116000,117000,114500,115000,11222
000070,2017-08-01,116500,117000,115000,117000,8881
000070,2017-08-02,117500,118000,115500,117500,10755
000070,2017-08-03,117000,118000,116500,117000,7477
000070,2017-08-04,116500,117500,115500,116000,5687
000070,2017-08-07,116000,117500,114500,116000,8007
000070,2017-08-08,115500,120000,115500,119000,10476
000070,2017-08-09,118500,122000,118500,120000,7843
000070,2017-08-10,122500,124500,119000,120000,13115
000070,2017-08-11,120000,124000,119000,122500,12575
000070,2017-08-14,122500,125000,118000,118000,9281
000070,2017-08-16,118000,120000,116000,116500,8385
000070,2017-08-17,115000,116500,113000,113000,11796
000070,2017-08-18,112500,114000,112000,113000,7119
000070,2017-08-21,112500,114000,110000,110000,13277
000070,2017-08-22,110500,111500,107500,108500,15540
000070,2017-08-23,109000,110500,106500,106500,18493
000070,2017-08-24,107000,110000,106500,106500,12272
000070,2017-08-25,107000,108500,106000,106500,18834
000070,2017-08-28,106500,110000,106500,108000,13735
000070,2017-08-29,108000,109500,107000,109000,13128
000070,2017-08-30,109500,109500,108000,108000,10400
000070,2017-08-31,108000,108500,107000,107000,8653
000070,2017-09-01,107000,107500,105500,105500,10258
000070,2017-09-04,104500,106000,104000,105500,7472
000070,2017-09-05,106000,106000,104000,105000,6466
000070,2017-09-06,105500,105500,104000,104500,6959
000070,2017-09-07,105000,106000,103500,104000,9291
000070,2017-09-08,103500,105000,103000,104000,6415
000070,2017-09-11,103500,106000,103500,104500,9722
000070,2017-09-12,104500,104500,102500,102500,8855
000070,2017-09-13,102500,102500,101000,101000,9768
000070,2017-09-14,101000,101500,100000,101500,13227
000070,2017-09-15,101000,102000,99200,100500,19760
000070,2017-09-18,99700,101000,99500,100000,18911
000070,2017-09-19,99800,101000,99800,100000,14908
000070,2017-09-20,101000,102000,96500,96900,35452
000070,2017-09-21,96900,97700,93000,93600,33111
000070,2017-09-22,93200,94700,87400,88500,46455
000070,2017-09-25,88600,89800,84400,84900,32774
000070,2017-09-26,83000,86900,83000,85200,32576
000070,2017-09-27,85200,86800,85000,86300,12001
000070,2017-09-28,86100,88600,85200,88400,17622
000070,2017-09-29,88800,90100,87200,88500,19691
000070,2017-10-10,87500,89000,87400,88400,13219
000070,2017-10-11,88100,90800,87600,87600,16067
000070,2017-10-12,87600,88300,86600,87800,24495
000070,2017-10-13,87800,88500,86500,87900,17595
000070,2017-10-16,87800,89900,86700,89900,12528
000070,2017-10-17,89900,90200,88300,89300,14920
000070,2017-10-18,89000,90800,88600,89700,9990
000070,2017-10-19,89700,90500,87700,87700,25339
000070,2017-10-20,88000,89100,87400,87400,28788
000070,2017-10-23,87600,92200,87100,90700,24972
000070,2017-10-24,90800,92800,90500,92200,13740
000070,2017-10-25,92000,93000,89600,90300,14196
000070,2017-10-26,90500,91000,88400,89100,19515
000070,2017-10-27,88800,91000,88700,89100,22049
000070,2017-10-30,90400,90400,88000,88300,17053
000070,2017-10-31,88400,90800,88100,90400,14085
000070,2017-11-01,89400,90800,89300,90700,11644
000070,2017-11-02,90500,92700,89800,91600,19618
000070,2017-11-03,92500,96500,91600,92000,34419
000070,2017-11-06,92400,94000,91700,92900,14839
000070,2017-11-07,93200,96000,93200,93800,18721
000070,2017-11-08,93800,94600,91700,92000,24153
000070,2017-11-09,93200,94000,92100,93500,20360
000070,2017-11-10,93800,94500,92600,92700,11057
000070,2017-11-13,92500,93800,92000,93500,12005
000070,2017-11-14,93300,95000,92700,94100,14514
000070,2017-11-15,94300,96300,93700,95800,24306
000070,2017-11-16,95900,96000,93700,95900,21820
000070,2017-11-17,96900,102000,96200,100500,43653
000070,2017-11-20,100000,103000,99200,99500,18513
000070,2017-11-21,99600,103000,99300,102500,23115
000070,2017-11-22,104000,105000,102000,104000,23814
000070,2017-11-23,103000,105500,101500,104000,20366
000070,2017-11-24,104500,106000,103500,105000,13538
000070,2017-11-27,105500,106500,102500,106500,19655
000070,2017-11-28,107000,107000,104500,105000,9980
000070,2017-11-29,105000,105000,100000,101000,21369
000070,2017-11-30,101500,103500,99900,102500,18957
000070,2017-12-01,102500,103000,100500,102500,14135
000070,2017-12-04,102500,105000,101500,104000,13262
000070,2017-12-05,104500,106000,103000,105000,13133
000070,2017-12-06,106000,106000,103500,105000,17656
000070,2017-12-07,105000,105000,101500,102500,15219
000070,2017-12-08,101500,105000,100000,103500,16033
000070,2017-12-11,102500,104500,101500,103500,11149
000070,2017-12-12,103000,105000,103000,105000,10796
000070,2017-12-13,104500,109500,104000,109000,23733
000070,2017-12-14,109000,109500,104500,104500,30876
000070,2017-12-15,106500,111500,106500,110000,30240
000070,2017-12-18,110000,111000,108500,111000,15898
000070,2017-12-19,110000,112500,108500,111500,16776
000070,2017-12-20,110500,116500,110000,115000,33852
000070,2017-12-21,114000,120500,112000,118500,37688
000070,2017-12-22,119000,122000,117500,121000,23361
000070,2017-12-26,121000,122500,119000,122000,12925
000070,2017-12-27,117000,123000,117000,121000,22504
000070,2017-12-28,121500,124000,118500,122000,17049
000070,2018-01-02,121500,126500,118500,121500,36937
000070,2018-01-03,121000,125000,120500,123500,22639
000070,2018-01-04,123500,125000,122000,122000,21511
000070,2018-01-05,122500,130500,122000,129500,31290
000070,2018-01-08,130000,133000,128000,129000,27296
000070,2018-01-09,129000,131000,128000,128500,24421
000070,2018-01-10,128000,133000,127500,129000,23145
000070,2018-01-11,128000,129000,124000,125000,27485
000070,2018-01-12,125000,129000,125000,127000,18261
000070,2018-01-15,126000,128500,125000,125500,9859
000070,2018-01-16,124500,130000,123000,125000,31980
000070,2018-01-17,125000,127000,122000,122500,25389
000070,2018-01-18,122000,127000,122000,124000,25851
000070,2018-01-19,123500,127000,123000,125000,22775
000070,2018-01-22,125000,126000,118000,121500,31586
000070,2018-01-23,121500,124000,118000,121500,26061
000070,2018-01-24,121000,125000,120500,123000,27297
000070,2018-01-25,122000,123500,117000,117500,189116
000070,2018-01-26,118000,124000,117500,121500,81445
000070,2018-01-29,124500,127000,122000,123000,52009
000070,2018-01-30,126500,159500,125000,145500,523408
000070,2018-01-31,139500,142000,119500,121500,331859
000070,2018-02-01,123000,125500,120000,121500,110945
000070,2018-02-02,121500,122000,116500,117000,103278
000070,2018-02-05,114000,117500,112000,114500,53143
000070,2018-02-06,110000,118500,109000,116500,69465
000070,2018-02-07,118000,123000,115000,115000,54393
000070,2018-02-08,115500,117000,113500,114500,30043
000070,2018-02-09,111500,116500,111500,114500,29998
000070,2018-02-12,115000,115000,112000,113000,17197
000070,2018-02-13,113000,114000,107000,109500,72363
000070,2018-02-14,111500,113500,110500,111000,36394
000070,2018-02-19,112000,116500,111500,114500,20536
000070,2018-02-20,114500,115500,110500,110500,17556
000070,2018-02-21,111500,114000,110000,112500,24935
000070,2018-02-22,113000,113000,110500,112500,11913
000070,2018-02-23,113000,113500,109000,110500,27898
000070,2018-02-26,110000,115000,109500,115000,17372
000070,2018-02-27,113500,118500,113500,116000,24928
000070,2018-02-28,115500,116500,111500,111500,17044
000070,2018-03-02,110500,113000,108000,110000,24538
000070,2018-03-05,110000,113500,110000,112500,17198
000070,2018-03-06,114000,114500,110000,110500,14431
000070,2018-03-07,110000,110500,105000,105000,24108
000070,2018-03-08,104500,108000,104500,108000,14241
000080,2018-03-09,109000,109500,106000,107500,16686
000080,2018-03-12,108500,108500,105500,106500,18872
000080,2018-03-13,106500,107000,104500,105000,14724
000080,2018-03-14,105000,105000,102500,103000,20200
000080,2018-03-15,104000,106000,102000,105500,20292
000080,2018-03-16,106000,106500,104500,105500,6946
000080,2018-03-19,106500,106500,103000,103000,8143
000080,2018-03-20,103500,104000,102500,103000,6252
000080,2018-03-21,102000,103500,101500,101500,12904
000080,2018-03-22,101000,102500,99900,100500,20463
000080,2018-03-23,99500,100500,96300,96300,26188
